6.95 3.21 4.50 1.63 1
6.02 3.03 4.89 1.77 3
5.13 2.55 4.00 1.15 3
7.06 3.32 5.73 1.87 1
5.81 3.04 5.08 1.69 3
6.49 2.98 5.29 1.95 1
6.50 2.75 4.61 1.45 3
7.55 3.42 6.14 2.18 1
5.24 3.36 1.89 0.40 2
5.02 2.05 3.62 0.75 3
5.33 3.44 1.17 0.01 2
5.46 2.62 3.44 1.05 3
4.90 3.38 1.73 0.27 2
5.59 2.21 3.87 1.36 3
5.66 2.73 4.67 1.58 3
5.05 3.80 1.50 0.33 2
5.46 2.18 4.64 1.62 3
6.23 3.22 4.89 1.85 1
4.97 3.56 1.60 0.36 2
6.62 3.08 4.59 1.35 3
5.89 2.83 4.23 1.51 3
6.61 3.06 5.38 2.07 1
5.71 2.57 5.01 1.89 3
5.75 3.03 4.08 1.66 3
6.95 3.10 4.83 1.83 1
5.88 4.12 1.66 0.33 2
6.40 2.54 4.41 1.49 3
6.28 2.74 5.59 2.13 1
5.34 2.79 3.45 1.15 3
4.95 3.54 1.33 0.23 2
6.60 3.21 4.71 1.89 1
6.71 2.71 4.52 0.86 3
5.82 2.46 4.15 1.16 3
7.19 3.66 5.93 2.15 1
4.94 2.86 1.37 0.22 2
4.58 2.89 1.70 0.18 2
5.19 3.52 1.19 0.34 2
6.59 3.04 5.66 1.95 1
5.41 2.69 4.17 1.52 3
4.61 3.20 1.46 0.17 2
6.19 3.23 4.45 1.57 3
5.77 2.68 4.04 1.18 3
5.66 2.34 4.05 1.44 3
4.77 3.34 1.40 0.27 2
6.50 2.99 4.77 1.75 1
5.45 3.41 1.59 0.29 2
5.84 2.27 4.55 1.51 3
6.10 2.78 4.53 1.41 3
4.76 3.18 1.36 0.14 2
6.10 2.37 4.79 1.71 3
5.67 2.62 4.82 1.62 3
7.32 3.37 6.40 2.38 1
6.96 3.12 6.42 2.68 1
6.81 3.11 4.68 1.67 1
6.95 2.76 5.03 1.69 1
6.08 3.16 4.37 1.41 3
6.92 3.01 6.42 2.34 1
5.24 3.97 1.43 0.30 2
6.27 3.25 4.31 0.99 3
7.43 3.50 6.11 2.61 1
4.98 2.66 3.53 1.49 3
5.00 2.59 4.28 1.41 3
5.98 2.72 3.93 1.22 3
4.33 3.14 1.76 0.22 2
5.88 2.63 4.63 1.55 3
4.86 3.16 1.64 0.31 2
6.07 2.72 3.85 1.16 3
6.54 2.90 4.47 1.72 3
5.44 2.95 4.50 2.00 3
6.44 2.99 5.52 1.99 1
5.92 2.65 4.07 1.33 3
4.74 3.16 1.31 0.06 2
5.42 3.75 1.56 0.14 2
6.00 2.10 4.71 1.70 3
6.11 2.92 4.68 1.61 3
4.91 2.13 3.64 0.89 3
5.78 2.58 4.80 2.02 3
6.89 3.28 5.52 2.39 1
7.36 3.65 6.03 2.31 1
5.78 2.48 4.18 1.45 3
5.59 2.73 4.29 1.81 3
4.82 2.95 1.45 0.32 2
6.38 3.15 5.47 2.00 1
5.08 3.26 1.34 0.16 2
4.67 3.08 1.71 0.09 2
6.71 3.07 6.39 2.21 1
6.07 2.84 4.23 1.28 3
6.41 2.54 5.23 1.73 1
5.49 3.58 1.47 0.13 2
5.40 3.67 1.83 0.47 2
5.89 2.64 4.54 1.26 3
5.06 3.28 1.52 0.25 2
4.94 3.32 1.16 0.17 2
5.77 2.98 4.06 1.30 3
5.64 3.18 5.03 1.91 3
6.58 3.07 4.56 1.21 3
7.44 3.04 5.83 2.15 1
6.09 3.02 4.48 1.84 3
5.96 3.14 4.37 1.74 3
4.92 3.36 1.58 0.22 2
6.03 2.82 4.62 1.74 3
4.25 2.80 1.43 0.09 2
7.70 3.16 6.38 2.30 1
5.12 3.07 4.18 1.57 3
6.28 2.97 5.12 1.78 1
7.06 3.25 6.37 2.48 1
4.74 3.24 1.23 0.16 2
5.12 3.16 1.29 0.42 2
4.84 3.23 1.44 0.43 2
4.92 3.65 1.52 0.23 2
4.81 3.22 1.36 0.19 2
7.02 2.76 5.43 1.42 1
6.91 3.39 5.33 1.69 1
5.46 2.73 4.65 1.65 3
5.02 3.62 1.34 0.21 2
5.87 2.21 4.86 1.31 3
5.84 2.51 4.32 1.20 3
5.20 3.14 4.57 2.04 3
6.58 3.04 4.90 1.55 1
5.89 2.19 4.58 1.40 3
5.29 3.74 1.24 0.28 2
5.98 3.21 4.30 1.54 3
6.28 3.06 5.22 1.57 1
6.04 2.23 5.54 2.37 1
5.28 3.95 1.34 0.28 2
4.92 3.26 1.64 0.38 2
5.12 3.75 1.73 0.28 2
5.42 2.84 4.25 1.85 3
5.88 3.24 4.18 1.52 3
5.00 2.96 3.87 1.33 3
4.56 2.29 3.34 1.11 3
6.58 2.75 5.27 1.51 1
6.23 2.44 4.40 1.01 3
4.60 3.04 1.64 0.28 2
6.82 3.53 5.29 2.01 1
7.26 3.01 5.98 1.55 1
6.16 2.93 5.69 2.35 1
6.10 2.74 5.16 2.42 1
5.08 1.98 4.03 1.18 3
6.83 2.55 5.41 1.71 1
6.76 2.87 5.31 2.03 1
6.27 3.01 5.13 2.22 1
4.98 3.42 1.47 0.20 2
5.41 3.70 1.39 0.29 2
5.62 4.29 1.44 0.28 2
5.51 2.70 4.91 1.92 3
6.30 2.38 5.06 1.46 3
6.56 2.81 4.53 1.31 3
6.97 3.40 5.37 1.96 1
4.97 3.48 1.46 0.21 2
7.52 3.33 5.54 1.73 1
5.31 3.13 1.65 0.31 2
5.48 2.81 3.53 1.17 3
4.43 3.00 1.00 0.08 2
5.16 3.57 1.21 0.23 2
5.04 2.21 3.93 1.25 3
6.72 2.96 5.12 2.02 1
5.40 3.48 1.66 0.31 2
4.59 2.71 1.24 0.16 2
4.79 3.10 1.39 0.13 2
6.90 3.14 5.30 1.95 1
5.89 2.59 3.80 1.29 3
5.66 2.93 3.93 1.29 3
4.75 2.73 1.61 0.29 2
6.16 3.19 5.19 2.16 1
4.69 2.98 1.43 0.17 2
7.08 3.03 5.53 1.95 1
6.04 2.71 4.74 1.85 3
5.42 2.66 4.27 1.59 3
4.70 3.17 1.43 0.19 2
5.49 3.06 4.95 1.85 3
6.47 2.93 5.68 2.27 1
6.77 3.09 6.41 2.50 1
5.90 3.60 4.36 1.58 3
5.37 2.59 3.43 0.88 3
6.82 2.61 5.17 1.28 1
6.82 2.75 5.24 1.70 1
5.67 3.21 4.29 1.67 3
5.97 4.10 1.49 0.26 2
4.79 3.46 1.57 0.27 2
7.09 3.00 5.52 1.97 1
4.74 2.75 1.20 0.23 2
4.87 3.21 1.66 0.29 2
6.55 2.83 5.79 1.79 1
4.98 3.58 1.48 0.28 2
6.45 2.98 5.87 1.97 1
4.65 3.14 1.27 0.31 2
7.51 3.01 6.36 2.03 1
6.03 2.54 4.00 1.24 3
7.18 2.89 5.27 1.82 1
6.26 3.22 5.07 1.80 1
7.60 3.34 6.27 1.88 1
5.46 3.76 1.18 0.33 2
5.96 2.60 4.61 1.52 3
7.61 3.16 6.07 2.22 1
6.14 2.85 3.72 0.88 3
4.97 3.59 1.53 0.42 2
4.95 3.01 1.54 0.16 2
7.39 3.50 6.63 2.30 1
6.58 3.05 5.40 1.63 1
6.42 2.96 5.12 1.89 1
7.44 3.23 6.09 1.96 1
6.72 3.27 5.16 1.61 1
6.01 2.29 4.90 1.75 3
6.00 2.73 3.64 0.96 3
4.56 3.07 1.46 0.23 2
7.31 3.44 6.15 2.18 1
5.99 2.56 4.62 1.79 3
4.30 3.08 1.21 0.27 2
6.31 3.16 4.83 1.92 1
6.08 2.59 5.11 1.76 3
5.03 3.52 1.52 0.31 2
6.76 2.71 5.11 1.39 1
5.76 3.06 4.06 1.85 3
6.71 2.97 6.42 2.09 1
5.19 2.62 3.69 1.31 3
5.14 2.08 3.39 1.02 3
6.15 2.94 5.36 1.82 1
5.44 3.44 1.53 0.40 2
5.41 2.30 4.51 1.63 3
5.59 2.58 4.51 1.63 3
8.21 3.88 7.08 2.89 1
6.55 2.56 5.86 1.95 1
5.25 3.85 1.56 0.35 2
4.90 3.20 1.12 0.33 2
5.16 3.52 1.55 0.24 2
6.28 2.85 5.38 1.83 1
7.25 2.73 5.22 1.76 1
6.47 2.88 5.21 2.02 1
6.12 3.19 4.79 1.84 3
5.42 2.72 4.14 1.66 3
6.02 2.61 4.71 1.75 3
5.40 4.16 1.21 0.22 2
6.38 2.85 5.05 1.61 1
4.90 3.32 1.30 0.08 2
6.06 2.81 3.85 1.05 3
6.90 3.06 7.12 2.94 1
6.09 2.90 5.25 1.80 1
5.95 2.82 4.13 1.42 3
5.10 3.65 1.36 0.13 2
5.47 2.56 4.50 1.64 3
4.54 3.70 1.47 0.02 2
5.21 3.50 1.50 0.33 2
5.90 4.60 1.72 0.11 2
6.31 2.86 4.86 1.56 3
6.08 3.00 5.06 1.91 1
5.66 4.27 1.54 0.33 2
6.60 2.50 5.48 1.46 1
6.87 3.06 6.56 2.49 1
5.60 2.28 5.13 1.94 3
6.22 3.20 4.98 1.66 1
5.75 2.70 4.69 1.41 3
5.25 3.46 1.42 0.16 2
5.82 2.58 4.30 1.50 3
5.07 3.75 1.31 0.34 2
5.89 2.75 4.75 1.77 3
5.22 2.71 1.45 0.32 2
6.50 2.99 4.47 1.46 3
5.55 2.41 4.23 1.21 3
5.22 3.46 1.72 0.20 2
5.80 4.07 1.56 0.34 2
4.73 3.24 1.28 0.25 2
6.34 2.95 4.52 1.41 3
7.10 2.57 5.07 1.34 1
5.96 3.07 4.86 1.96 3
5.62 2.77 3.88 1.08 3
5.50 3.93 1.58 0.33 2
4.78 3.13 1.70 0.20 2
4.47 3.01 1.32 0.14 2
5.76 2.77 4.43 1.30 3
5.08 3.86 1.50 0.19 2
6.51 3.30 5.33 1.91 1
4.64 3.01 1.43 0.21 2
4.87 3.42 1.16 0.18 2
4.75 3.47 1.82 0.17 2
6.81 3.45 5.85 2.04 1
6.64 2.65 5.03 1.36 1
7.03 2.80 5.15 1.38 1
5.19 2.44 3.45 1.29 3
5.67 3.71 1.27 0.17 2
4.31 2.88 1.34 0.24 2
4.89 3.69 1.30 0.23 2
6.39 2.71 4.53 1.50 3
5.37 4.04 1.56 0.33 2
7.19 3.50 5.86 1.99 1
7.15 3.34 6.59 2.51 1
5.22 3.36 1.57 0.32 2
5.41 3.57 1.46 0.25 2
4.86 3.18 1.48 0.16 2
4.86 3.28 1.34 0.26 2
6.58 2.94 5.69 2.06 1
4.70 2.92 1.42 0.24 2
5.72 2.55 3.42 0.74 3
4.88 3.76 1.33 0.29 2
6.42 2.82 4.56 1.54 3
5.60 2.12 3.70 0.84 3
4.66 2.94 1.70 0.14 2
5.66 2.80 4.88 1.87 3
5.81 2.78 4.56 1.43 3
5.26 3.64 1.42 0.33 2
7.41 3.28 5.96 2.19 1
4.56 3.36 1.60 0.07 2
6.76 2.66 4.91 1.46 1
6.99 3.09 5.38 1.56 1
5.19 3.03 4.42 1.48 3
6.00 2.48 4.82 1.47 3
5.38 3.38 1.61 0.13 2
5.83 2.79 4.55 1.28 3
4.83 3.62 1.38 0.28 2
5.40 3.72 1.27 0.25 2
5.26 3.74 1.44 0.28 2
5.99 2.64 5.07 1.80 3
5.89 2.89 3.65 1.21 3
6.22 3.01 3.96 1.26 3
5.80 2.94 5.06 1.95 3
5.38 3.69 1.63 0.44 2
6.71 2.97 5.30 1.80 1
5.95 2.90 4.31 1.39 3
5.70 2.95 4.62 1.17 3
6.39 3.33 4.86 1.76 1
5.94 3.18 4.71 1.45 3
4.93 3.46 1.18 0.27 2
5.29 2.28 4.22 1.35 3
5.68 2.88 4.22 1.37 3
5.41 3.51 1.50 0.41 2
4.63 2.48 3.06 1.18 3
6.64 2.71 5.77 1.87 1
5.11 3.48 1.43 0.09 2
6.44 2.68 4.57 1.51 3
5.04 3.29 1.38 0.07 2
7.14 2.99 6.25 1.92 1
4.75 3.80 1.42 0.35 2
5.16 3.71 1.74 0.29 2
6.80 3.04 5.61 1.91 1
5.09 3.95 1.43 0.45 2
6.81 2.53 5.20 1.78 1
5.94 3.03 4.22 1.83 3
7.25 3.35 6.67 2.48 1
5.98 3.04 4.41 1.72 3
6.48 2.79 6.06 2.21 1
6.84 3.15 5.49 2.25 1
5.17 3.77 1.72 0.29 2
7.16 3.30 5.80 1.81 1
5.80 2.82 4.20 1.61 3
6.25 2.94 4.88 1.86 1
6.46 3.25 4.98 1.64 1
5.85 2.68 4.20 1.19 3
4.93 3.23 1.62 0.27 2
6.46 3.23 5.28 1.88 1
5.19 3.74 1.18 0.34 2
6.55 3.20 4.95 1.70 1
6.60 2.89 4.99 2.04 1
6.73 2.59 5.52 1.90 1
6.92 3.37 5.14 1.97 1
6.21 3.05 4.64 1.71 3
6.14 2.57 5.03 1.64 3
5.43 3.50 1.57 0.57 2
5.25 2.23 4.12 1.33 3
5.38 2.68 4.71 2.01 3
5.03 2.88 1.50 0.17 2
7.07 3.29 5.11 1.62 1
4.96 3.23 1.47 0.30 2
6.53 3.13 5.06 1.86 1
4.25 2.69 1.31 0.22 2
6.45 2.80 4.96 1.88 1
4.87 3.16 1.29 0.16 2
5.98 3.02 5.14 1.90 1
7.06 2.60 5.45 1.93 1
6.01 2.55 4.63 1.67 3
6.12 3.22 5.00 2.15 1
6.61 3.32 5.30 2.16 1
6.62 2.86 5.98 2.04 1
5.84 2.95 5.04 2.15 3
5.62 2.63 4.20 1.23 3
5.27 3.02 1.49 0.25 2
5.97 4.26 1.60 0.43 2
6.71 3.42 6.02 2.13 1
4.93 3.46 1.35 0.22 2
6.97 3.38 5.77 2.49 1
5.13 3.06 1.36 0.43 2
6.86 3.46 5.44 2.07 1
6.86 2.95 5.99 1.85 1
5.80 2.99 4.19 1.45 3
6.15 3.69 4.68 1.42 3
6.40 3.02 5.66 1.80 1
5.32 3.72 1.41 0.23 2
5.04 3.44 1.36 0.13 2
6.31 3.02 4.46 1.27 3
7.14 2.66 5.22 1.62 1
5.56 3.92 1.72 0.30 2
5.94 3.14 4.75 1.80 3
6.54 2.60 5.52 1.96 1
5.42 2.39 3.54 0.96 3
6.97 3.18 5.66 1.64 1
4.98 3.25 1.85 0.23 2
5.19 4.07 1.39 0.23 2
5.47 3.67 1.48 0.34 2
5.26 3.53 1.59 0.37 2
4.90 3.51 1.44 0.17 2
6.41 2.65 5.04 1.13 3
5.52 2.49 3.82 1.15 3
5.50 2.73 4.59 1.79 3
6.19 3.24 4.96 1.98 1
6.94 2.46 5.25 1.53 1
4.56 2.52 3.20 1.14 3
6.29 2.97 5.53 1.88 1
5.03 3.59 1.32 0.17 2
4.81 2.71 1.24 0.20 2
5.95 2.37 4.73 1.34 3
5.30 3.50 1.46 0.30 2
5.12 3.79 1.17 0.25 2
6.70 3.04 4.71 1.42 1
6.11 2.80 4.91 1.88 3
4.72 3.33 1.53 0.20 2
4.94 3.71 1.36 0.20 2
5.93 2.87 4.46 1.51 3
5.44 2.59 4.22 1.01 3
5.56 3.08 3.54 1.16 3
4.99 3.18 1.37 0.30 2
5.56 3.88 1.54 0.35 2
5.97 3.01 4.85 1.71 3
6.32 3.54 4.06 1.61 3
6.68 3.20 5.17 1.98 1
7.14 3.47 6.33 2.25 1
5.74 3.00 4.63 1.56 3
5.36 3.33 1.52 0.15 2
6.91 3.14 4.78 1.34 1
5.70 2.60 4.66 1.47 3
5.75 3.44 4.30 1.74 3
4.67 3.04 1.38 0.17 2
5.06 3.59 1.70 0.27 2
5.56 2.81 4.17 1.17 3
5.85 3.05 4.68 1.41 3
5.10 2.45 4.42 1.39 3
7.06 3.14 5.79 1.98 1
6.46 3.08 4.95 1.59 1
5.52 3.83 1.40 0.18 2
7.46 3.33 6.96 2.04 1
6.64 3.19 4.55 1.58 3
6.27 2.79 4.95 1.37 3
5.77 2.86 4.41 1.73 3
8.39 3.55 7.19 2.67 1
5.11 4.04 1.16 0.25 2
6.26 2.70 5.30 1.72 1
4.76 2.83 1.33 0.23 2
4.36 2.57 1.44 0.07 2
4.68 3.36 1.26 0.06 2
6.44 2.97 4.25 0.92 3
4.99 3.97 1.54 0.37 2
5.72 2.84 4.32 1.37 3
5.30 2.24 3.62 1.54 3
5.96 2.82 4.46 1.58 3
6.24 3.17 5.14 1.88 1
5.85 3.07 4.83 1.81 3
5.85 2.97 4.59 1.54 3
5.13 3.59 1.60 0.33 2
6.06 2.62 5.29 1.68 1
5.21 3.43 1.39 0.31 2
7.33 3.11 6.46 2.58 1
5.33 3.51 1.41 0.35 2
4.65 2.81 1.65 0.31 2
6.17 2.60 4.72 1.57 3
6.83 2.97 5.78 2.08 1
5.73 2.46 4.58 1.59 3
5.95 2.79 4.66 1.62 3
6.03 2.75 5.22 1.70 1
5.83 2.76 4.52 1.47 3
6.44 2.82 4.86 0.97 3
5.98 3.15 4.51 1.41 3
4.64 3.09 1.25 0.30 2
5.29 3.08 4.15 1.37 3
5.03 3.41 1.42 0.16 2
5.73 2.75 3.75 1.09 3
6.50 2.64 5.38 1.84 1
6.78 3.17 5.17 1.46 1
7.82 3.38 6.42 2.03 1
6.47 2.77 5.24 1.84 1
5.78 3.49 4.05 1.68 3
6.85 2.96 4.76 1.49 1
7.88 3.26 6.90 2.20 1
4.94 3.55 1.40 0.34 2
5.07 2.48 3.80 1.52 3
5.85 2.36 4.82 1.61 3
5.80 2.46 4.71 1.27 3
5.72 2.48 4.19 1.66 3
6.26 2.48 4.68 1.56 3
6.47 3.29 4.61 1.48 3
5.41 3.76 1.32 0.23 2
6.04 2.54 4.49 1.46 3
5.64 2.88 4.06 1.85 3
6.95 3.63 5.36 2.19 1
5.23 2.14 3.98 1.25 3
6.81 3.07 5.35 2.18 1
6.04 2.84 4.34 1.29 3
5.77 3.01 5.07 1.73 3
6.16 3.09 4.88 1.93 1
5.90 3.14 3.83 1.42 3
4.70 3.41 1.67 0.25 2
5.20 3.05 1.47 0.27 2
6.25 2.72 5.76 2.11 1
5.04 3.26 1.39 0.19 2
5.35 3.37 1.66 0.35 2
6.24 2.75 4.90 1.68 3
5.66 2.68 4.93 1.85 3
6.61 3.25 5.37 1.52 1
7.06 3.12 4.97 1.76 1
5.62 2.80 3.94 1.20 3
6.17 2.22 5.10 1.56 3
6.37 3.12 5.24 1.73 1
5.76 2.77 4.53 1.31 3
4.44 3.45 1.09 0.11 2
5.06 2.43 3.43 1.05 3
6.24 3.23 5.33 2.18 1
5.00 3.54 1.35 0.14 2
5.31 2.75 3.94 1.21 3
6.00 3.17 5.11 2.35 1
6.57 2.69 5.23 1.48 1
4.82 3.37 1.30 0.37 2
4.99 4.04 1.42 0.32 2
5.90 2.97 4.31 1.44 3
5.69 2.80 3.81 0.98 3
5.43 2.92 4.14 1.06 3
4.63 3.08 1.80 0.24 2
5.11 3.29 1.80 0.40 2
5.59 3.67 1.20 0.15 2
4.69 2.96 1.51 0.31 2
6.50 2.92 3.88 0.94 3
6.43 2.88 5.69 2.08 1
5.22 3.64 1.38 0.21 2
5.28 3.63 1.25 0.20 2
5.39 2.60 4.06 0.87 3
6.72 2.71 6.71 2.36 1
5.21 3.74 1.47 0.21 2
7.02 3.24 5.85 2.28 1
6.67 2.76 5.33 1.22 1
5.14 2.53 3.92 1.25 3
6.51 3.05 5.24 1.84 1
6.69 2.79 5.25 1.71 1
5.85 2.82 3.65 1.01 3
5.94 2.49 4.54 1.46 3
5.35 3.20 1.48 0.13 2
5.99 2.96 4.82 1.85 3
4.78 3.24 1.42 0.15 2
5.99 3.24 4.93 1.64 3
6.15 2.50 4.25 1.19 3
5.43 4.00 1.30 0.23 2
6.44 3.07 6.44 2.37 1
6.20 3.42 4.73 1.90 3
5.52 3.67 1.57 0.24 2
6.78 3.32 5.99 2.16 1
4.97 3.23 1.46 0.23 2
6.05 3.06 4.86 1.92 3
4.50 2.82 1.26 0.20 2
6.10 2.68 4.37 0.88 3
5.54 2.70 4.17 1.39 3
5.28 3.68 1.67 0.39 2
5.08 3.54 1.44 0.27 2
4.98 3.67 1.54 0.41 2
5.05 3.51 1.33 0.25 2
6.83 3.06 5.16 1.37 1
6.45 2.96 5.08 1.78 1
4.98 3.53 1.54 0.33 2
7.05 3.38 6.03 2.27 1
5.44 3.87 1.56 0.24 2
5.77 2.62 4.39 1.37 3
5.10 3.36 1.71 0.33 2
4.58 2.92 1.14 0.31 2
4.28 2.62 1.17 0.13 2
6.20 3.07 4.73 1.68 3
4.77 2.88 1.70 0.36 2
5.16 3.99 1.61 0.27 2
6.49 3.02 5.80 2.29 1
5.87 3.14 4.23 1.59 3
6.93 2.59 5.27 1.67 1
5.18 3.49 1.58 0.11 2
4.77 3.20 1.39 0.07 2
4.94 3.21 1.28 0.15 2
4.30 3.12 1.29 0.19 2
5.81 2.74 5.11 1.90 3
4.85 3.42 1.32 0.33 2
4.65 2.29 2.99 0.81 3
5.39 3.67 1.46 0.22 2
4.91 3.38 1.49 0.38 2
5.69 2.72 4.43 1.39 3
6.24 2.71 4.16 0.99 3
5.95 2.85 4.87 2.37 3
5.08 3.54 1.36 0.15 2
4.87 2.79 1.56 0.25 2
6.86 2.72 5.12 1.66 1
5.38 3.89 1.73 0.36 2
6.43 2.67 4.55 1.09 3
6.02 3.07 4.48 1.36 3
6.19 2.75 4.66 0.90 3
5.73 2.74 3.87 0.81 3
5.82 2.59 4.08 1.14 3
6.05 2.76 5.06 1.89 1
4.93 3.49 1.44 0.41 2
6.14 3.04 4.66 1.36 3
6.87 3.07 6.03 2.18 1
5.31 3.39 1.43 0.31 2
6.26 3.06 4.66 1.33 3
5.89 2.20 5.28 1.54 3
4.95 2.43 3.64 1.03 3
5.87 2.30 4.51 1.40 3
6.24 2.62 5.37 1.90 1
5.13 3.49 1.41 0.27 2
6.62 3.14 5.34 1.88 1
4.84 3.54 1.44 0.23 2
7.50 3.49 5.76 1.92 1
5.14 3.23 1.82 0.26 2
5.47 3.96 1.63 0.32 2
6.43 2.71 4.75 1.91 3
5.05 2.05 3.76 1.12 3
6.46 3.04 5.66 2.55 1
5.62 3.96 1.48 0.18 2
6.41 2.61 4.87 1.65 3
5.06 3.36 1.44 0.17 2
6.34 3.19 4.47 1.93 3
5.13 3.74 1.49 0.17 2
5.20 3.36 1.51 0.42 2
7.08 3.31 4.80 1.34 1
5.05 3.56 1.66 0.22 2
6.72 3.17 5.25 1.81 1
6.88 3.34 5.26 2.09 1
5.24 2.85 3.90 1.25 3
7.08 3.48 5.84 2.34 1
5.41 2.49 3.90 1.01 3
5.80 2.94 5.04 2.07 3
6.80 3.67 4.99 2.08 1
5.05 3.07 1.52 0.30 2
5.68 2.62 5.29 1.90 3
6.70 3.29 5.11 1.72 1
4.87 3.19 1.31 0.35 2
6.01 3.09 5.09 2.08 1
6.86 2.60 6.48 2.18 1
6.50 3.19 5.63 2.10 1
4.79 3.71 1.38 0.18 2
6.46 3.03 5.28 2.17 1
5.40 3.63 4.37 2.06 3
4.42 2.90 1.26 0.02 2
6.16 3.05 5.30 2.32 1
4.99 2.23 3.61 1.44 3
6.17 2.65 4.20 1.30 3
5.86 3.16 4.38 1.43 3
4.72 2.60 2.79 0.77 2
6.36 2.38 5.58 1.84 1
5.33 3.67 1.50 0.26 2
5.43 2.85 4.28 1.90 3
5.67 2.66 4.77 1.55 3
5.83 3.19 4.70 1.89 3
5.78 2.79 4.75 1.88 3
4.95 3.63 1.41 0.03 2
5.36 3.55 1.22 0.06 2
5.38 2.56 3.96 1.44 3
6.95 2.92 5.24 1.64 1
6.48 2.64 5.21 1.49 1
5.24 3.88 1.67 0.28 2
6.68 3.08 5.48 1.87 1
6.34 3.00 5.10 2.06 1
5.54 3.31 1.29 0.26 2
4.75 3.61 1.45 0.18 2
4.67 3.02 1.46 0.13 2
4.55 2.91 1.44 0.33 2
4.62 2.79 1.63 0.28 2
5.64 2.33 4.62 1.39 3
5.29 4.48 1.52 0.25 2
5.43 2.49 3.97 1.83 3
6.00 2.59 4.66 1.50 3
4.81 3.01 1.02 0.12 2
5.22 3.33 1.51 0.34 2
6.39 2.70 5.36 1.66 1
7.28 3.08 4.97 1.62 1
5.09 3.51 1.48 0.21 2
7.11 3.67 6.16 2.83 1
6.77 2.73 5.22 1.57 1
6.09 2.75 4.19 1.39 3
6.38 2.86 5.39 1.60 1
6.55 2.69 6.15 2.48 1
6.05 2.94 5.33 2.18 1
7.35 2.53 5.21 1.49 1
6.60 3.02 5.72 1.60 1
5.11 3.34 1.42 0.25 2
7.04 2.88 4.53 1.21 3
6.76 2.86 5.73 2.10 1
5.67 3.30 4.16 1.75 3
4.89 3.57 1.37 0.34 2
5.34 3.83 1.46 0.24 2
5.27 3.58 1.32 0.12 2
5.97 2.78 5.44 2.03 1
7.43 3.63 6.28 2.26 1
5.15 3.51 1.57 0.39 2
7.12 3.23 5.45 1.95 1
6.63 2.48 4.64 0.94 3
6.34 3.14 5.03 2.04 1
6.34 2.97 4.78 1.45 3
4.79 3.10 1.40 0.25 2
4.41 2.91 1.34 0.06 2
6.49 2.71 4.74 1.25 3
4.81 2.71 1.34 0.17 2
6.31 2.31 4.24 1.16 3
5.61 2.59 3.64 1.66 3
4.43 3.14 1.42 0.09 2
4.70 3.33 1.13 0.21 2
7.05 3.26 5.73 1.81 1
6.48 3.24 5.12 1.70 1
7.35 3.56 5.91 2.04 1
6.41 2.47 4.74 1.25 3
6.87 3.18 6.37 2.37 1
6.74 2.79 5.57 1.94 1
6.93 3.13 5.90 2.30 1
6.38 2.91 5.36 1.84 1
4.67 3.33 1.69 0.21 2
6.19 2.43 5.08 2.11 1
6.36 2.92 4.78 1.62 3
5.60 2.85 3.70 1.30 3
7.40 3.70 5.80 2.22 1
4.76 2.81 3.15 1.19 3
4.94 2.77 3.68 1.48 3
5.10 2.09 3.37 0.77 3
5.42 3.85 1.37 0.30 2
5.77 2.55 4.58 1.60 3
5.83 2.52 4.19 1.35 3
4.78 3.27 1.41 0.22 2
6.38 2.92 4.80 1.60 3
6.90 3.01 5.84 2.28 1
4.17 2.96 1.57 0.01 2
5.88 3.08 4.19 1.45 3
4.82 3.23 1.19 0.20 2
4.92 3.32 1.33 0.23 2
5.41 3.01 4.50 2.00 3
5.76 2.66 4.33 1.26 3
5.24 3.50 1.52 0.32 2
5.02 3.20 1.15 0.29 2
5.55 3.91 1.64 0.34 2
5.37 3.69 1.26 0.21 2
5.46 2.17 4.47 1.50 3
5.06 3.55 1.36 0.22 2
5.84 2.54 4.58 1.48 3
6.60 2.81 4.94 1.95 1
7.28 3.13 6.40 2.48 1
5.35 3.91 1.30 0.28 2
5.99 2.95 4.84 1.93 3
7.06 3.28 6.60 3.00 1
4.88 3.35 1.46 0.38 2
5.53 2.47 4.77 1.92 3
5.20 3.71 1.52 0.38 2
4.60 2.80 1.46 0.18 2
5.41 3.99 1.47 0.33 2
6.18 2.56 3.79 1.21 3
6.29 2.91 5.45 1.76 1
6.20 3.21 4.36 1.50 3
7.29 3.14 6.13 2.23 1
4.46 3.04 1.30 0.19 2
4.43 2.86 1.57 0.27 2
6.19 2.75 5.03 1.58 3
5.24 3.67 1.67 0.34 2
5.85 2.37 3.84 0.42 3
5.04 3.84 1.34 0.19 2
6.54 2.59 5.33 2.06 1
6.15 3.13 4.46 1.76 3
6.80 2.99 5.06 1.77 1
6.21 2.99 4.57 1.53 3
4.71 3.46 1.17 0.25 2
5.74 2.54 4.01 1.14 3
5.07 2.94 3.87 1.81 3
4.54 3.29 1.51 0.15 2
4.89 3.08 1.42 0.39 2
6.14 2.59 4.73 1.60 3
4.84 3.20 1.43 0.17 2
4.81 3.05 1.19 0.34 2
6.20 3.01 5.06 1.73 1
4.43 2.62 1.38 0.23 2
7.16 2.86 5.00 1.50 1
6.21 3.15 4.99 2.01 1
6.44 3.29 5.27 2.24 1
5.84 2.49 4.14 1.70 3
7.14 3.39 5.84 2.02 1
5.23 2.60 4.16 1.55 3
5.89 2.67 4.05 1.31 3
5.91 2.70 4.16 1.52 3
4.99 3.47 1.78 0.19 2
6.12 2.91 5.02 1.54 3
4.71 2.95 1.64 0.20 2
6.03 2.84 5.30 1.78 1
5.64 2.59 4.07 1.21 3
6.15 3.16 4.50 1.81 3
5.81 2.47 4.26 1.53 3
5.95 2.91 4.17 1.20 3
6.46 2.57 4.35 1.16 3
6.43 2.60 5.13 1.97 1
5.12 2.46 4.13 1.47 3
4.43 3.26 1.49 0.16 2
6.94 3.21 5.03 1.63 1
7.11 3.52 5.49 1.80 1
5.18 3.19 1.29 0.43 2
6.69 3.25 5.21 1.69 1
5.76 2.87 4.92 1.71 3
6.27 2.84 5.33 1.58 1
5.70 2.66 3.95 1.48 3
5.04 3.16 1.55 0.15 2
4.97 3.98 1.36 0.24 2
5.53 4.56 1.43 0.41 2
5.32 3.21 1.77 0.25 2
5.67 2.99 4.50 1.56 3
5.37 3.85 1.29 0.32 2
6.28 2.88 4.90 1.70 3
5.38 2.75 4.21 1.14 3
4.98 3.41 1.51 0.15 2
6.96 2.71 4.95 1.47 1
5.80 2.84 4.37 1.23 3
5.09 3.32 1.86 0.24 2
4.70 3.81 1.35 0.20 2
6.21 3.46 5.50 1.84 1
5.20 3.41 1.58 0.33 2
6.89 2.80 5.16 1.73 1
4.93 3.25 1.05 0.09 2
4.68 3.92 1.55 0.38 2
6.09 2.67 4.80 1.68 3
6.42 2.71 5.01 2.00 1
5.12 3.59 1.68 0.23 2
5.30 3.53 1.24 0.06 2
4.37 2.68 1.64 0.30 2
6.58 3.27 4.64 1.76 1
5.72 2.70 4.48 1.59 3
5.79 2.61 4.46 1.69 3
6.87 3.06 5.29 2.20 1
6.36 2.57 4.91 1.79 3
5.31 3.84 1.70 0.36 2
4.73 2.87 1.59 0.31 2
6.62 2.60 5.40 2.38 1
5.70 2.73 4.41 1.77 3
5.81 2.81 4.24 1.31 3
6.41 2.79 4.90 2.05 1
6.94 3.52 5.11 2.15 1
5.72 2.61 4.44 1.72 3
5.67 2.68 3.91 1.17 3
4.60 2.84 1.36 0.18 2
5.99 2.51 4.67 1.53 3
6.31 3.27 4.57 1.61 3
5.99 3.17 5.25 1.99 1
5.97 3.06 4.91 1.66 3
6.10 2.83 3.59 1.26 3
4.85 3.33 1.35 0.25 2
6.47 2.88 5.64 2.08 1
4.79 3.15 3.77 1.63 3
6.39 2.51 4.50 1.22 3
7.03 3.98 6.42 2.52 1
5.69 3.95 1.53 0.28 2
5.78 2.07 4.03 1.08 3
7.35 3.05 5.86 2.31 1
4.76 3.35 1.48 0.18 2
5.04 3.55 1.63 0.16 2
5.05 2.38 3.37 1.27 3
5.17 3.79 1.69 0.29 2
6.42 3.06 4.89 1.82 1
6.66 2.88 5.33 1.77 1
5.28 3.12 1.55 0.15 2
5.46 2.18 4.02 0.99 3
6.59 3.00 5.54 1.84 1
5.89 2.91 4.86 1.81 3
6.80 2.78 4.13 0.99 3
6.61 2.86 4.47 1.56 3
4.93 3.48 1.32 0.32 2
6.18 2.22 4.35 1.47 3
7.04 3.10 5.43 1.80 1
5.08 3.65 1.34 0.28 2
5.18 3.56 1.50 0.31 2
5.66 3.29 4.23 1.44 3
5.25 2.38 3.39 1.23 3
5.73 3.18 4.51 1.69 3
5.42 4.01 1.31 0.28 2
4.46 3.31 1.28 0.14 2
5.81 2.35 3.84 0.90 3
5.37 3.69 1.72 0.28 2
6.65 2.58 4.61 1.48 3
5.65 2.41 3.76 1.44 3
6.59 3.04 5.08 1.36 1
5.93 2.92 4.11 1.55 3
5.68 2.73 3.95 1.82 3
4.87 2.88 1.44 0.29 2
4.83 3.52 1.31 0.25 2
5.75 2.46 4.74 2.04 3
4.48 1.75 2.68 0.77 2
6.92 3.31 5.84 2.07 1
5.72 3.98 1.73 0.48 2
6.66 2.83 6.09 1.98 1
4.96 3.44 1.09 0.28 2
4.77 3.48 1.31 0.27 2
5.80 3.01 4.43 1.55 3
5.27 2.80 3.52 1.13 3
7.00 3.55 4.97 1.84 1
6.63 3.26 4.93 1.62 1
6.72 3.29 5.28 1.83 1
6.24 2.56 5.57 2.04 1
6.39 2.53 4.75 1.32 3
5.97 2.30 4.30 1.40 3
6.13 3.04 4.47 1.66 3
4.23 2.84 1.43 0.24 2
6.95 3.28 5.27 1.84 1
6.55 2.87 5.15 1.91 1
5.85 2.36 4.79 1.56 3
5.84 2.84 4.25 1.53 3
5.59 2.63 3.44 1.15 3
6.49 2.88 4.20 1.44 3
5.44 2.44 3.79 0.59 3
5.73 2.79 4.22 1.40 3
5.09 3.49 1.75 0.27 2
6.71 3.01 5.65 2.01 1
6.22 2.49 5.26 1.69 1
6.80 3.12 5.20 1.86 1
5.20 2.47 3.64 1.17 3
6.83 2.98 5.56 1.83 1
5.18 3.98 1.50 0.32 2
6.90 3.71 5.89 2.30 1
4.88 3.33 1.56 0.41 2
5.44 3.37 1.75 0.45 2
4.74 3.17 1.35 0.16 2
7.52 3.28 6.01 2.01 1
5.26 3.80 1.52 0.40 2
6.11 3.12 4.40 1.52 3
6.07 3.08 4.22 1.23 3
4.76 2.81 1.29 0.23 2
4.48 3.04 1.24 0.18 2
6.85 3.36 5.33 1.72 1
5.59 2.87 4.76 1.46 3
6.99 2.98 5.92 2.26 1
5.79 2.74 4.67 1.59 3
5.12 3.41 1.76 0.31 2
5.09 3.77 1.65 0.32 2
6.69 3.23 4.79 1.23 1
6.73 2.90 5.54 1.51 1
5.22 3.90 1.74 0.27 2
4.46 2.90 1.34 0.24 2
7.24 3.10 5.26 1.69 1
5.07 3.78 1.31 0.28 2
5.92 2.28 4.10 1.12 3
5.56 2.92 4.44 1.25 3
5.37 2.15 3.51 0.54 3
5.41 3.93 1.55 0.41 2
7.29 3.00 5.98 1.78 1
6.66 3.34 6.01 2.01 1
6.84 3.09 6.01 2.11 1
4.84 3.29 1.36 0.17 2
4.86 3.12 1.63 0.27 2
5.73 2.82 4.37 1.29 3
6.13 2.74 4.92 1.61 3
7.02 3.07 5.82 1.93 1
6.22 2.93 4.21 1.58 3
6.21 2.67 5.08 1.91 1
4.91 3.17 1.45 0.17 2
7.34 3.28 6.62 2.51 1
5.32 3.69 1.53 0.30 2
5.20 3.93 1.39 0.33 2
4.92 3.71 1.40 0.28 2
4.47 2.81 1.05 0.16 2
7.37 2.94 6.03 1.81 1
6.63 3.13 5.15 1.54 1
6.15 3.22 4.65 1.73 3
5.57 2.55 4.64 1.65 3
5.47 2.74 4.38 1.75 3
4.63 2.52 2.85 0.81 2
4.72 3.12 1.66 0.33 2
7.10 2.99 5.55 1.71 1
6.09 2.85 4.70 1.73 3
7.35 3.35 5.61 1.84 1
6.12 3.68 5.65 2.54 1
5.85 3.06 3.71 1.10 3
5.00 3.64 1.38 0.20 2
6.75 3.62 5.92 2.32 1
5.36 3.47 1.41 0.28 2
4.88 3.12 1.35 0.22 2
6.73 3.83 5.73 2.59 1
5.20 3.71 1.69 0.39 2
6.52 2.68 5.36 1.66 1
5.71 2.63 4.31 1.46 3
5.77 4.06 1.39 0.26 2
6.54 3.33 6.05 2.74 1
4.83 3.60 1.37 0.25 2
5.36 2.80 4.54 1.67 3
6.40 2.59 5.04 1.39 3
6.32 3.12 4.68 1.59 3
7.34 2.88 6.00 1.58 1
6.16 2.86 4.57 1.56 3
6.70 3.13 6.16 2.44 1
5.01 3.58 1.45 0.26 2
4.91 3.57 1.46 0.24 2
6.87 3.37 6.37 2.36 1
7.60 3.76 6.47 2.72 1
5.60 2.75 4.89 1.74 3
6.41 3.01 5.47 1.89 1
7.12 3.16 5.42 1.76 1
5.73 2.52 4.16 1.71 3
5.22 3.16 1.64 0.14 2
5.46 2.28 3.30 0.59 3
7.70 3.25 6.09 2.23 1
5.93 2.86 4.95 2.16 3
7.05 2.99 6.00 1.82 1
6.06 2.78 4.55 1.65 3
5.96 3.26 5.14 1.79 1
6.61 3.06 5.61 2.26 1
4.64 3.18 1.22 0.21 2
5.55 3.47 1.40 0.24 2
5.58 4.24 1.52 0.13 2
6.39 2.60 5.38 1.86 1
4.60 3.12 1.54 0.31 2
5.50 3.77 1.40 0.25 2
4.70 3.38 1.56 0.26 2
4.99 3.26 1.39 0.12 2
4.43 2.88 1.32 0.13 2
5.92 3.94 1.69 0.50 2
6.21 3.07 4.37 1.70 3
4.75 2.90 1.41 0.34 2
6.32 3.19 4.74 1.87 3
5.29 3.39 1.55 0.28 2
4.83 3.26 1.48 0.21 2
5.13 2.89 3.78 1.32 3
3.94 2.82 1.40 0.24 2
5.59 3.76 1.79 0.40 2
6.02 2.92 5.32 2.09 1
6.41 3.17 5.26 1.90 1
7.87 3.52 6.04 2.25 1
6.46 2.90 5.40 1.78 1
4.76 3.60 1.65 0.28 2
6.25 2.74 5.50 1.96 1
7.47 3.25 5.56 1.79 1
5.96 3.73 5.12 1.75 1
6.91 3.18 6.56 2.57 1
7.09 3.32 5.62 1.90 1
7.71 3.19 6.51 2.02 1
6.28 2.86 5.31 2.10 1
5.83 2.65 5.27 1.92 1
6.53 3.15 5.48 2.11 1
5.90 2.85 4.49 2.12 3
5.98 2.46 4.86 1.33 3
4.72 3.14 1.50 0.22 2
5.75 2.76 5.39 2.25 1
6.34 2.79 4.37 1.51 3
6.63 3.20 5.08 1.92 1
7.45 3.23 6.90 2.81 1
5.88 2.90 4.39 1.07 3
4.96 2.93 4.06 1.52 3
7.12 2.81 5.90 1.47 1
5.16 3.30 1.37 0.29 2
4.92 2.22 3.88 1.37 3
7.71 3.38 5.99 1.67 1
6.67 3.04 5.44 2.09 1
6.67 3.17 4.92 1.74 1
4.32 2.88 1.31 0.26 2
6.01 2.59 4.17 1.53 3
6.19 3.03 5.63 1.83 1
6.82 2.81 4.96 1.40 1
5.82 2.55 4.26 1.34 3
6.89 3.37 5.57 2.11 1
7.03 2.88 5.23 1.82 1
6.96 3.30 5.55 1.84 1
5.11 3.35 1.20 0.18 2
6.73 2.65 5.73 1.95 1
5.23 4.06 1.62 0.22 2
4.51 3.29 1.35 0.24 2
4.74 3.36 1.36 0.38 2
7.00 3.54 5.49 1.97 1
6.26 2.81 4.17 1.30 3
4.52 3.20 1.43 0.19 2
6.28 2.56 4.18 1.08 3
6.25 3.00 4.85 2.03 1
6.31 2.97 5.12 1.39 1
5.84 2.53 4.57 1.49 3
6.49 3.36 4.90 1.90 1
6.64 3.02 5.51 1.61 1
5.36 3.96 1.40 0.33 2
5.50 2.57 4.26 0.99 3
5.44 2.35 3.87 1.16 3
7.18 3.01 6.73 2.07 1
6.10 3.04 4.57 1.74 3
6.17 2.49 5.16 2.04 1
5.03 3.63 1.52 0.33 2
6.39 3.05 3.95 1.32 3
5.05 3.40 1.22 0.26 2
5.72 2.85 4.96 1.96 3
5.81 4.15 1.68 0.22 2
7.08 3.00 5.59 1.85 1
5.70 2.83 4.19 1.35 3
5.31 2.66 3.42 1.12 3
6.55 2.87 5.82 1.99 1
6.83 3.74 5.46 2.01 1
6.13 2.95 4.91 1.95 3
5.92 2.52 5.05 1.90 3
5.29 4.18 1.76 0.36 2
6.19 2.54 5.27 1.97 1
5.20 3.48 1.49 0.13 2
6.16 2.97 3.78 1.08 3
4.93 2.55 3.79 0.94 3
7.59 2.84 6.22 2.41 1
5.29 3.52 1.60 0.09 2
6.59 2.96 5.21 1.87 1
5.22 3.77 1.80 0.34 2
5.08 3.40 1.52 0.29 2
5.61 3.19 4.19 1.59 3
4.91 3.21 1.41 0.26 2
4.74 3.78 1.18 0.25 2
5.12 3.08 1.38 0.18 2
6.43 2.34 4.93 1.36 3
5.23 3.72 1.69 0.32 2
6.58 3.08 5.00 1.55 1
6.58 2.59 5.93 2.06 1
5.87 2.96 4.34 1.34 3
6.05 2.69 5.32 1.87 1
5.61 2.04 4.03 0.81 3
6.97 2.76 6.16 1.81 1
5.65 4.25 1.71 0.40 2
6.75 3.12 5.22 1.50 1
6.35 2.99 5.15 1.69 1
6.58 2.74 5.22 1.84 1
4.73 3.16 1.61 0.17 2
5.07 3.32 1.34 0.06 2
6.70 2.74 5.15 1.41 1
7.01 3.23 6.52 2.82 1
5.62 2.94 4.52 1.87 3
6.91 3.17 5.25 1.66 1
5.74 2.64 4.74 1.82 3
6.02 2.38 5.26 1.59 3
4.92 3.36 1.34 0.15 2
5.12 2.79 1.46 0.15 2
7.46 3.56 5.37 1.45 1
6.48 2.69 4.18 1.05 3
5.45 2.59 3.81 1.05 3
4.88 3.19 1.44 0.18 2
5.43 3.70 1.30 0.14 2
7.20 3.25 5.26 2.01 1
5.16 3.40 1.25 0.12 2
6.14 3.18 4.37 1.35 3
5.57 2.72 3.56 1.07 3
4.86 3.48 1.37 0.16 2
4.53 3.12 1.29 0.30 2
6.58 2.69 4.25 1.41 3
4.72 3.33 1.27 0.17 2
4.85 3.50 1.31 0.09 2
7.21 3.10 6.13 2.01 1
7.24 2.63 5.72 1.61 1
7.13 3.91 5.25 2.12 1
5.96 3.10 5.17 1.81 1
7.29 3.31 6.15 2.13 1
5.39 2.09 4.24 1.03 3
4.90 3.65 1.59 0.26 2
4.72 3.28 1.48 0.21 2
6.13 2.67 4.91 1.60 3
6.01 2.69 4.68 1.62 3
4.70 3.46 1.34 0.16 2
6.34 2.88 4.97 1.52 3
4.99 3.37 1.62 0.22 2
6.38 3.31 4.69 1.22 3
6.57 2.78 4.42 1.12 3
6.40 2.78 5.02 1.72 1
4.64 3.36 1.36 0.23 2
6.44 2.68 4.70 1.31 3
4.84 3.31 1.15 0.14 2
4.93 3.46 1.61 0.27 2
4.95 3.39 1.32 0.24 2
6.42 3.40 5.57 2.25 1
6.54 3.21 4.80 1.73 1
5.37 2.69 4.07 1.23 3
5.60 2.96 4.42 1.56 3
6.89 3.03 5.21 1.75 1
6.73 3.34 5.52 2.18 1
6.42 2.99 5.87 2.31 1
6.10 3.16 4.67 1.93 3
4.52 2.80 1.53 0.05 2
7.40 3.78 6.78 2.67 1
4.76 2.99 1.15 0.22 2
6.30 2.98 5.37 1.91 1
6.07 2.55 4.64 1.40 3
6.76 3.02 5.46 1.97 1
6.01 3.51 4.84 1.97 3
4.88 2.42 2.83 0.81 2
4.71 3.39 1.23 0.32 2
5.47 3.90 1.44 0.45 2
5.35 4.10 1.39 0.26 2
6.40 3.12 5.31 1.91 1
5.15 2.86 4.13 1.12 3
6.12 2.99 4.37 1.58 3
6.42 2.60 6.00 1.91 1
4.58 3.11 1.54 0.23 2
6.27 2.94 4.14 1.46 3
6.03 3.27 4.57 1.52 3
5.12 3.49 1.79 0.28 2
7.61 3.02 5.73 1.64 1
4.27 3.01 1.17 0.12 2
6.81 3.09 5.30 2.24 1
5.57 3.86 1.71 0.31 2
4.48 3.08 1.15 0.29 2
5.03 3.72 1.51 0.26 2
5.22 2.67 3.54 1.33 3
5.83 2.69 3.84 1.59 3
5.75 2.48 5.66 2.15 1
6.90 2.82 5.06 1.65 1
7.85 3.45 6.65 2.56 1
6.34 2.70 4.87 1.89 1
5.83 2.91 4.62 0.98 3
6.13 3.06 4.85 1.62 3
6.70 3.13 5.58 2.06 1
5.67 4.00 1.72 0.34 2
6.07 2.78 4.88 1.87 3
5.11 3.83 1.40 0.32 2
6.60 2.85 5.30 1.52 1
5.08 3.04 1.49 0.25 2
4.66 3.18 1.32 0.17 2
5.66 2.56 4.72 1.28 3
7.04 3.34 5.60 1.80 1
7.48 2.80 6.45 2.00 1
4.47 3.36 1.29 0.23 2
5.76 2.56 4.83 1.80 3
4.70 2.47 1.76 0.17 2
7.16 3.09 5.73 1.81 1
7.29 3.12 5.68 2.02 1
7.34 3.17 5.74 2.18 1
4.74 3.41 1.36 0.21 2
5.02 3.01 1.54 0.43 2
6.32 2.67 4.57 1.06 3
6.78 3.16 4.39 1.45 3
6.90 2.75 6.09 2.25 1
5.63 2.45 4.77 1.48 3
6.66 3.16 5.66 1.74 1
4.47 2.73 1.22 0.19 2
6.48 3.04 5.54 1.71 1
6.71 2.93 5.26 1.76 1
4.85 3.37 1.60 0.04 2
5.19 3.29 1.47 0.13 2
4.92 3.56 1.90 0.30 2
4.58 3.19 1.36 0.16 2
6.98 2.76 5.18 1.66 1
5.63 2.80 4.54 1.61 3
4.23 2.67 1.35 0.34 2
6.79 2.76 5.67 1.84 1
6.07 3.11 4.22 1.61 3
6.31 2.91 4.98 1.61 1
5.58 2.45 4.29 1.03 3
6.47 2.92 5.37 1.93 1
6.50 2.81 5.50 2.17 1
6.21 2.85 5.29 1.45 1
5.59 3.23 3.77 1.93 3
5.08 3.84 1.53 0.20 2
5.98 2.91 4.76 1.54 3
6.61 2.93 4.52 1.22 3
6.51 3.20 5.55 1.93 1
5.24 3.84 1.42 0.12 2
6.39 2.92 5.39 1.76 1
6.65 3.06 5.54 2.06 1
6.76 3.17 5.73 2.16 1
7.39 3.52 6.47 2.22 1
6.09 2.98 5.00 1.80 3
4.82 3.50 1.69 0.21 2
5.94 2.35 4.55 1.43 3
5.35 3.90 1.65 0.23 2
5.60 2.93 3.79 1.20 3
6.67 3.24 5.47 2.35 1
6.16 2.89 4.57 1.18 3
5.08 3.14 3.84 1.59 3
6.30 2.84 5.09 1.88 1
7.49 3.20 6.69 2.41 1
4.85 3.08 1.44 0.32 2
4.67 2.81 1.40 0.42 2
5.46 3.62 1.62 0.31 2
6.48 3.11 4.64 1.41 3
8.33 3.20 7.52 2.43 1
5.94 2.69 4.71 1.39 3
4.90 3.43 1.41 0.23 2
4.54 2.64 1.26 0.03 2
5.78 2.72 4.07 1.43 3
5.30 2.91 4.42 1.23 3
4.87 3.39 1.36 0.09 2
4.86 3.10 1.68 0.30 2
6.08 2.71 4.39 0.97 3
5.20 2.85 4.19 1.73 3
6.55 3.09 6.12 2.16 1
5.07 3.70 1.50 0.23 2
7.30 2.85 6.18 2.29 1
7.10 3.02 6.10 1.89 1
5.41 3.92 1.75 0.32 2
6.45 2.52 5.42 1.84 1
6.99 3.43 6.24 1.84 1
5.88 2.94 4.20 1.55 3
5.39 3.97 1.55 0.17 2
4.79 3.51 1.37 0.32 2
6.84 2.64 5.15 1.19 1
6.88 3.09 5.89 2.06 1
7.25 3.38 6.42 2.73 1
5.02 3.43 1.44 0.23 2
5.45 2.69 3.98 1.27 3
6.96 2.83 6.04 2.01 1
5.17 3.55 1.18 0.20 2
4.95 3.62 1.78 0.32 2
6.53 2.89 5.69 2.16 1
5.79 4.08 1.70 0.38 2
5.55 2.66 4.32 1.64 3
5.84 3.84 1.68 0.41 2
6.38 3.16 5.35 1.93 1
6.80 2.91 5.43 1.69 1
5.97 3.01 4.34 1.52 3
5.79 2.01 4.72 1.35 3
6.53 2.50 4.47 1.06 3
4.78 3.23 1.50 0.12 2
6.06 2.55 4.77 1.55 3
5.61 2.70 3.97 1.53 3
4.38 2.62 1.20 0.22 2
4.88 2.19 3.16 1.02 3
6.34 2.68 4.10 1.00 3
6.89 2.96 6.39 1.88 1
4.85 2.93 1.76 0.29 2
6.11 2.86 5.05 1.95 1
5.84 2.37 3.82 1.30 3
4.73 2.58 3.97 1.36 3
6.68 2.94 5.02 1.94 1
4.71 3.38 1.43 0.24 2
4.39 2.89 1.45 0.33 2
5.10 3.50 1.45 0.31 2
5.61 2.67 3.71 1.20 3
5.08 3.69 1.25 0.22 2
7.87 3.53 7.43 2.58 1
6.13 2.84 4.97 2.08 1
4.94 3.30 1.33 0.20 2
5.49 2.64 4.36 1.58 3
6.97 3.44 5.20 1.85 1
7.34 3.27 5.19 1.53 1
4.68 3.22 1.25 0.09 2
5.20 3.38 1.52 0.47 2
6.19 2.87 5.27 2.28 1
5.34 3.98 1.45 0.26 2
6.41 3.01 4.88 2.10 1
4.63 3.13 1.48 0.25 2
5.55 2.73 5.10 2.29 3
4.51 3.28 1.47 0.15 2
6.22 3.24 5.14 2.20 1
6.90 2.41 5.69 1.96 1
5.38 2.10 4.08 1.13 3
6.30 2.41 4.94 1.34 3
5.29 4.02 1.77 0.33 2
5.42 2.88 4.11 1.39 3
6.63 3.03 5.86 1.82 1
4.95 3.69 1.33 0.03 2
4.80 3.10 1.24 0.14 2
5.57 3.54 1.73 0.45 2
4.84 3.15 1.63 0.15 2
4.63 3.09 1.72 0.28 2
6.41 2.57 4.68 1.57 3
5.45 3.83 1.70 0.22 2
6.63 3.13 4.66 1.72 1
4.99 3.78 1.32 0.31 2
4.51 3.12 1.44 0.07 2
6.18 2.81 4.78 1.63 3
4.27 2.92 1.24 0.25 2
4.12 3.02 1.30 0.28 2
6.15 3.35 5.14 1.85 1
6.07 2.87 4.91 1.72 3
5.50 3.02 3.84 1.40 3
4.63 2.78 1.59 0.09 2
6.01 2.89 4.93 2.10 3
4.96 3.60 1.42 0.14 2
6.84 3.15 5.45 2.05 1
6.47 2.98 4.18 2.14 3
5.61 2.84 4.48 1.63 3
5.18 3.73 1.54 0.39 2
4.66 2.64 1.42 0.26 2
5.93 2.78 4.41 1.14 3
4.59 3.23 1.55 0.11 2
5.49 3.79 1.73 0.32 2
7.36 3.46 6.21 2.47 1
4.88 3.30 1.33 0.38 2
5.26 3.64 1.25 0.34 2
6.59 3.14 4.83 1.31 1
7.41 3.32 6.24 2.46 1
7.61 3.00 6.95 2.54 1
5.46 3.43 1.68 0.14 2
5.05 3.24 1.31 0.17 2
6.47 3.02 4.59 1.59 3
6.08 2.82 4.53 1.82 3
5.70 2.52 4.07 1.03 3
4.78 3.15 1.51 0.32 2
5.51 4.02 1.54 0.15 2
6.91 3.35 5.97 2.09 1
5.92 3.00 4.95 2.06 3
5.96 2.71 4.59 1.50 3
6.34 2.60 4.92 1.55 3
4.66 2.80 1.55 0.22 2
6.24 2.13 4.33 0.97 3
4.49 2.87 1.43 0.34 2
6.18 2.95 5.08 1.66 1
5.79 2.67 4.42 1.66 3
4.69 3.18 1.71 0.24 2
4.71 3.42 1.38 0.25 2
6.90 3.51 5.25 2.25 1
6.59 3.07 5.86 2.58 1
6.07 2.60 4.78 1.54 3
5.30 3.86 1.64 0.27 2
4.62 3.20 1.30 0.11 2
5.90 2.27 4.34 1.69 3
7.08 2.53 5.71 1.77 1
4.61 3.18 1.19 0.17 2
4.64 3.22 1.53 0.15 2
6.41 2.90 5.15 1.67 1
5.42 2.68 4.46 1.66 3
6.53 2.78 5.33 1.96 1
4.95 3.55 1.81 0.41 2
6.90 2.98 4.95 1.67 1
5.03 3.07 1.45 0.33 2
6.49 3.49 5.26 1.67 1
6.31 3.06 5.36 1.78 1
5.39 3.76 1.34 0.19 2
6.26 2.66 4.81 1.68 3
6.77 3.24 6.07 2.30 1
4.18 3.07 1.33 0.28 2
7.09 2.90 5.97 1.77 1
5.55 2.65 4.72 1.86 3
5.30 2.58 3.81 1.48 3
6.09 2.95 4.55 1.51 3
5.85 2.84 4.72 1.75 3
7.12 3.00 5.39 1.73 1
5.74 2.95 4.12 1.53 3
5.71 2.67 3.05 1.22 3
4.85 3.08 1.47 0.34 2
5.25 3.99 1.58 0.24 2
5.09 3.71 1.56 0.31 2
6.66 2.84 4.78 1.89 1
5.28 4.19 1.51 0.24 2
4.81 3.50 1.49 0.27 2
4.96 3.37 1.99 0.37 2
4.62 3.02 1.18 0.19 2
6.25 2.91 4.67 1.48 3
5.51 2.98 4.45 1.54 3
5.49 3.38 1.54 0.11 2
7.14 3.09 5.80 1.97 1
5.59 2.51 4.01 1.28 3
6.66 2.88 4.45 1.20 3
6.62 2.34 5.05 1.08 3
6.39 2.81 4.98 1.76 1
5.79 2.93 4.54 1.81 3
5.72 2.98 4.31 1.22 3
5.07 3.51 1.53 0.39 2
4.43 2.97 1.54 0.22 2
5.11 2.35 3.97 1.55 3
6.08 4.64 1.70 0.57 2
6.16 3.13 5.30 2.16 1
5.80 3.14 3.74 1.49 3
7.18 3.36 5.45 1.69 1
4.84 3.16 1.32 0.07 2
5.23 3.73 1.52 0.27 2
6.97 2.79 5.73 2.36 1
6.33 3.11 5.07 1.77 1
5.54 2.45 4.36 1.05 3
4.85 3.46 1.34 0.30 2
4.24 2.81 1.18 0.16 2
5.06 3.76 1.53 0.30 2
5.19 3.64 1.61 0.16 2
5.23 3.30 1.49 0.33 2
6.01 3.02 4.69 1.42 3
5.58 2.73 3.91 1.11 3
7.05 3.06 6.14 2.06 1
6.90 3.18 5.94 1.42 1
7.39 3.19 6.32 2.34 1
7.51 3.48 5.79 1.97 1
5.14 2.76 3.70 1.06 3
6.30 3.09 5.73 1.81 1
6.57 2.70 5.83 2.12 1
5.93 2.63 4.82 1.37 3
5.22 3.57 1.44 0.35 2
7.93 3.44 7.00 2.64 1
6.20 2.60 4.45 1.37 3
4.72 3.40 1.26 0.18 2
5.10 3.64 1.65 0.37 2
5.17 3.40 1.46 0.26 2
6.54 3.14 5.05 1.86 1
6.04 2.59 4.97 1.61 3
4.87 3.29 1.36 0.29 2
6.62 3.11 5.10 1.49 1
7.18 3.57 5.17 1.91 1
6.51 3.20 5.71 2.07 1
6.20 2.69 4.87 1.87 3
4.39 3.19 1.54 0.39 2
5.09 3.35 1.49 0.18 2
5.91 3.05 4.86 1.73 3
4.85 3.34 1.53 0.34 2
4.96 3.43 1.32 0.29 2
7.09 2.92 6.02 1.50 1
7.44 2.96 6.83 1.99 1
5.29 2.50 3.48 1.24 3
5.11 3.68 1.53 0.38 2
6.58 2.86 5.36 1.96 1
6.45 2.85 4.64 1.72 3
7.06 3.12 5.47 2.07 1
6.35 3.16 4.68 1.37 3
4.60 2.86 1.45 0.29 2
6.24 3.03 4.62 1.64 3
4.81 3.42 1.36 0.27 2
6.82 3.23 5.78 2.27 1
5.20 3.87 1.74 0.25 2
5.31 3.86 1.67 0.28 2
5.09 3.53 1.31 0.11 2
6.01 2.88 5.03 1.87 3
6.66 2.65 5.17 2.08 1
4.92 3.54 1.08 0.19 2
4.93 2.98 1.33 0.06 2
4.15 2.70 0.76 0.25 2
6.91 3.14 6.29 2.47 1
4.82 3.44 1.67 0.41 2
4.67 3.28 1.28 0.12 2
5.04 3.21 1.33 0.17 2
7.18 2.89 6.60 2.40 1
5.92 3.09 4.37 1.65 3
4.76 3.63 1.29 0.40 2
5.50 3.81 1.55 0.27 2
4.97 3.30 1.21 0.14 2
7.25 2.71 5.32 1.31 1
6.55 3.08 4.33 1.26 3
5.06 3.60 1.58 0.23 2
5.31 3.78 1.39 0.43 2
6.38 3.45 5.75 2.09 1
7.07 3.09 6.59 2.50 1
6.82 2.43 5.46 1.67 1
6.66 2.63 5.22 1.74 1
6.12 3.27 4.69 1.53 3
6.14 2.58 4.99 1.92 3
7.31 3.39 6.33 2.22 1
6.47 2.96 4.86 2.22 1
7.14 2.90 5.63 1.93 1
6.93 2.96 5.41 1.92 1
4.68 2.50 3.16 1.14 3
4.88 3.29 1.51 0.32 2
5.51 3.82 1.58 0.28 2
7.36 3.35 5.71 1.81 1
5.49 2.36 4.97 2.18 3
6.90 3.11 5.85 1.76 1
7.41 3.29 5.85 1.86 1
6.49 3.15 5.80 2.55 1
4.93 2.78 1.35 0.21 2
4.56 3.06 1.24 0.17 2
6.67 2.93 5.11 1.74 1
6.32 2.92 4.93 1.53 3
5.53 2.87 4.43 1.30 3
4.98 3.37 1.23 0.27 2
5.52 2.80 3.95 1.20 3
6.01 2.62 4.42 1.01 3
5.34 3.99 1.71 0.41 2
5.43 2.54 3.58 1.34 3
4.72 2.64 1.57 0.35 2
7.02 3.23 5.93 1.88 1
6.40 3.23 5.56 2.13 1
6.48 2.95 5.43 1.96 1
6.75 2.86 5.23 2.13 1
6.05 2.87 4.82 1.64 3
5.04 3.42 1.39 0.17 2
4.40 2.88 1.58 0.39 2
5.73 4.04 1.86 0.34 2
6.36 2.84 4.56 1.64 3
5.85 2.56 4.71 1.34 3
7.44 3.47 6.76 2.35 1
6.36 3.74 5.41 2.13 1
6.92 3.37 4.64 1.34 1
5.32 4.16 1.29 0.34 2
5.16 3.18 1.59 0.25 2
5.48 3.83 1.49 0.39 2
7.03 2.85 5.78 1.85 1
6.41 2.98 5.25 1.69 1
4.29 2.31 1.49 0.38 2
6.53 3.11 5.49 1.65 1
6.62 3.14 4.91 1.35 1
6.27 2.99 5.66 2.08 1
5.59 2.72 3.43 1.34 3
4.90 3.06 1.44 0.22 2
4.94 2.12 3.08 0.61 3
6.74 3.08 5.30 1.75 1
6.24 3.24 4.92 1.55 3
5.31 3.14 1.39 0.09 2
5.66 3.14 4.91 1.75 3
5.15 2.49 3.49 1.30 3
6.51 2.73 5.19 1.91 1
5.23 2.71 4.23 1.33 3
6.30 2.82 4.96 1.12 3
6.90 3.60 5.69 2.30 1
4.69 3.09 1.58 0.26 2
6.59 3.11 5.47 1.89 1
5.76 2.65 4.71 1.43 3
5.96 2.63 4.57 1.52 3
6.34 2.99 4.68 1.35 3
6.56 2.59 5.70 1.83 1
5.51 2.78 3.94 1.34 3
6.23 2.69 4.99 1.70 3
6.37 2.57 5.19 1.96 1
5.78 2.74 4.07 1.67 3
5.28 3.48 1.47 0.24 2
5.03 3.48 1.57 0.34 2
6.19 2.59 5.15 1.62 1
5.52 4.07 1.45 0.33 2
4.69 3.16 1.54 0.24 2
6.25 3.32 4.18 1.42 3
6.18 2.74 5.69 2.10 1
5.49 4.30 1.57 0.25 2
5.32 3.71 1.31 0.28 2
6.83 3.20 4.77 1.81 1
5.80 2.65 4.98 1.67 3
6.18 2.51 5.34 1.83 1
5.10 3.74 1.64 0.37 2
5.53 2.45 4.18 1.68 3
6.32 2.60 4.48 1.84 3
6.25 2.63 4.67 1.38 3
6.36 3.14 5.04 1.77 1
6.55 2.59 5.11 1.45 1
7.33 2.69 5.22 1.65 1
6.84 3.17 5.78 2.38 1
6.27 4.26 1.96 0.43 2
7.10 3.32 6.14 2.23 1
7.07 2.98 5.98 1.99 1
5.92 2.83 4.39 1.16 3
7.15 3.16 5.19 1.66 1
6.86 3.11 4.92 1.52 1
4.83 3.17 1.40 0.21 2
5.78 2.79 3.69 1.08 3
6.19 2.66 5.49 2.08 1
6.55 3.01 5.31 1.56 1
5.36 3.67 1.28 0.16 2
5.75 2.38 3.98 1.33 3
6.20 2.87 4.34 1.48 3
6.02 2.56 5.20 1.58 3
4.70 3.45 1.60 0.46 2
6.64 2.80 5.17 1.55 1
6.22 2.98 4.21 1.46 3
6.02 2.63 5.11 2.00 1
5.07 3.63 1.40 0.18 2
5.03 3.23 1.78 0.26 2
6.71 3.23 4.97 1.74 1
6.37 2.76 5.86 2.20 1
5.27 3.81 1.27 0.28 2
5.86 4.19 1.43 0.35 2
5.77 2.70 3.59 0.89 3
5.51 3.90 1.60 0.22 2
6.53 2.82 5.61 1.94 1
5.35 3.39 1.60 0.30 2
5.22 3.77 1.88 0.46 2
7.16 3.40 5.04 1.76 1
4.93 3.53 1.62 0.41 2
5.37 2.51 3.73 1.25 3
6.37 2.38 3.95 1.25 3
6.28 2.65 4.18 1.19 3
5.85 2.77 3.71 0.98 3
5.49 2.57 4.57 1.54 3
4.98 3.35 1.40 0.24 2
5.15 2.82 3.63 1.23 3
6.22 2.43 4.88 1.49 3
4.59 3.16 1.26 0.14 2
6.97 3.07 5.72 1.93 1
5.11 3.18 1.50 0.27 2
5.30 2.76 4.59 1.47 3
6.12 2.62 4.68 1.19 3
4.93 3.26 1.64 0.21 2
4.40 3.01 1.56 0.38 2
5.85 3.03 4.26 1.20 3
6.39 3.06 5.31 1.79 1
6.01 2.89 4.63 1.59 3
4.80 3.32 1.13 0.28 2
6.10 2.76 5.00 1.59 3
5.76 2.78 4.32 1.43 3
7.29 3.62 5.96 2.10 1
6.53 3.09 4.76 1.83 1
6.16 3.11 5.63 2.21 1
6.30 3.33 4.72 1.80 3
6.73 3.04 4.71 1.83 1
5.77 2.45 5.40 1.42 3
5.93 3.05 5.25 1.96 1
4.95 3.10 1.16 0.23 2
4.88 3.06 1.58 0.20 2
6.33 2.86 4.99 1.70 1
7.04 3.28 6.19 2.18 1
5.43 3.62 1.39 0.35 2
5.83 2.80 4.55 1.56 3
6.48 2.84 4.85 1.58 3
6.76 3.12 5.04 1.51 1
6.20 2.76 4.07 1.26 3
4.82 3.50 1.48 0.17 2
4.60 3.64 1.49 0.35 2
4.94 2.35 3.63 1.08 3
6.37 2.89 5.13 2.16 1
6.25 2.27 4.50 1.27 3
5.22 3.58 1.29 0.20 2
5.34 3.39 1.18 0.13 2
5.22 3.29 1.58 0.28 2
5.15 4.04 1.64 0.34 2
6.68 2.91 4.99 1.47 1
6.08 2.22 3.97 1.30 3
6.77 3.07 4.83 1.72 1
6.08 2.33 4.09 0.80 3
7.33 3.26 6.13 2.25 1
5.95 2.47 4.01 0.73 3
5.58 3.98 1.64 0.36 2
6.71 3.00 5.34 1.74 1
4.90 3.34 1.16 0.17 2
4.57 3.10 1.63 0.12 2
4.47 3.11 1.21 0.18 2
5.95 3.03 5.14 1.85 1
6.28 3.01 5.05 2.09 1
5.57 2.46 4.02 1.04 3
4.96 2.76 3.86 1.56 3
5.79 4.25 1.68 0.28 2
5.74 3.28 4.37 1.57 3
7.12 3.13 6.27 2.54 1
6.67 3.31 5.46 1.92 1
5.52 3.01 4.26 1.84 3
5.24 4.00 1.66 0.26 2
5.71 4.05 1.73 0.43 2
4.53 3.02 1.30 0.11 2
6.05 2.90 4.45 1.80 3
5.57 2.83 4.50 1.30 3
5.08 3.55 1.34 0.13 2
6.52 2.98 4.75 1.47 3
5.20 4.21 1.16 0.26 2
6.34 2.79 4.76 1.40 3
6.49 2.61 4.34 1.21 3
5.48 3.85 1.45 0.30 2
5.27 2.18 3.79 1.01 3
6.37 2.75 4.75 1.68 3
6.53 3.29 5.29 2.18 1
5.75 2.83 3.69 1.17 3
4.94 3.59 1.36 0.21 2
5.85 2.82 4.86 1.94 3
6.22 3.08 4.34 1.13 3
6.26 2.92 5.34 2.16 1
6.67 2.87 5.27 1.84 1
7.28 3.35 5.93 2.03 1
5.90 2.81 4.44 1.68 3
6.43 2.91 4.19 1.01 3
6.37 2.69 4.70 1.28 3
6.14 2.63 4.63 1.32 3
5.07 3.29 1.32 0.24 2
5.99 4.19 1.68 0.31 2
5.68 2.73 4.18 1.12 3
6.16 2.91 5.61 2.14 1
4.51 2.65 1.43 0.19 2
5.84 2.70 4.66 1.71 3
6.94 3.45 6.16 2.36 1
7.10 2.67 6.10 1.95 1
7.32 3.16 5.99 2.12 1
6.28 2.89 5.24 2.14 1
5.68 3.89 1.58 0.28 2
5.36 2.61 5.23 1.79 3
5.94 2.62 5.01 2.00 3
7.06 3.25 5.11 1.76 1
7.34 3.23 5.29 1.37 1
5.92 2.47 5.12 1.70 3
5.40 2.43 3.85 1.26 3
5.77 2.43 4.65 1.59 3
6.30 2.80 5.27 1.59 1
4.70 2.87 1.28 0.21 2
6.86 3.01 5.18 1.68 1
4.82 3.59 1.65 0.16 2
5.48 4.19 1.49 0.33 2
5.11 2.63 3.57 1.29 3
5.46 2.58 5.25 2.16 3
6.98 3.08 6.45 2.20 1
5.54 3.20 4.00 1.49 3
6.01 2.71 4.93 1.53 3
4.65 2.40 3.72 1.37 3
4.91 3.43 1.53 0.15 2
6.40 2.80 4.19 1.60 3
4.94 3.00 1.72 0.18 2
6.44 2.49 5.31 1.85 1
6.62 2.80 5.47 1.92 1
6.46 2.58 5.63 1.93 1
5.83 3.07 4.90 2.05 3
4.64 3.14 1.22 0.24 2
4.67 2.96 1.16 0.18 2
6.92 3.07 4.52 1.21 3
6.74 2.85 6.12 1.97 1
5.07 3.25 1.59 0.19 2
4.88 3.22 1.38 0.29 2
6.83 3.07 5.88 1.80 1
5.25 3.96 1.52 0.18 2
5.43 3.55 1.51 0.28 2
7.51 3.70 6.56 2.19 1
6.00 3.10 4.50 1.49 3
6.36 2.72 4.54 1.50 3
5.90 2.94 5.79 2.24 1
5.79 2.57 5.08 1.53 3
6.30 2.90 4.49 1.74 3
6.03 2.55 5.20 1.95 1
7.52 3.25 5.67 1.73 1
7.01 2.95 5.77 2.27 1
6.33 2.26 3.81 0.96 3
7.34 3.20 6.28 2.31 1
5.52 3.83 1.51 0.34 2
5.67 2.64 5.21 2.01 3
8.02 3.08 6.68 2.04 1
5.33 3.81 1.28 0.27 2
6.74 2.25 4.64 1.26 3
6.47 3.19 6.02 2.60 1
5.80 3.00 4.55 1.55 3
7.79 3.49 6.39 2.16 1
5.43 2.46 3.71 0.77 3
5.02 3.38 1.41 0.24 2
6.23 3.00 4.55 1.50 3
5.50 2.45 4.38 1.43 3
5.20 3.17 1.38 0.13 2
6.34 2.49 4.26 1.20 3
4.78 3.25 1.31 0.21 2
6.02 2.84 4.16 1.40 3
4.29 2.62 1.45 0.28 2
5.42 2.07 5.09 1.82 3
5.95 2.52 4.91 1.94 3
6.74 3.31 5.84 1.93 1
5.81 2.98 4.12 1.51 3
7.17 3.51 5.28 1.72 1
6.30 2.79 4.68 1.42 3
5.78 2.84 4.49 1.79 3
5.59 2.69 4.00 1.20 3
7.30 2.64 6.22 2.26 1
6.80 3.15 5.29 2.03 1
6.07 2.66 4.31 1.84 3
5.72 2.71 3.90 1.25 3
5.48 4.06 1.29 0.23 2
6.84 2.58 5.00 1.57 1
6.52 3.58 5.30 2.24 1
5.50 3.76 1.48 0.27 2
4.23 2.60 1.19 0.13 2
7.85 3.35 6.40 2.17 1
5.61 3.00 4.40 1.54 3
6.58 3.18 4.50 1.55 3
7.92 3.27 6.64 2.25 1
6.20 2.80 5.21 1.44 1
5.40 3.83 1.21 0.30 2
5.84 2.80 4.57 1.55 3
6.40 2.78 4.39 1.42 3
7.01 3.43 4.91 1.57 1
5.34 2.63 4.48 1.66 3
6.65 3.04 6.03 2.25 1
6.50 3.20 5.37 1.95 1
5.79 2.56 4.24 1.45 3
5.73 2.36 4.58 1.43 3
5.16 2.82 3.55 1.11 3
6.46 2.80 4.98 1.30 3
4.73 3.79 1.30 0.07 2
4.98 3.24 1.28 0.08 2
4.75 3.39 1.25 0.13 2
6.63 2.94 4.64 1.74 3
6.19 2.84 4.35 1.35 3
7.20 2.99 5.53 2.18 1
6.05 2.91 4.47 1.69 3
5.25 3.56 1.27 0.21 2
5.19 3.35 1.44 0.34 2
6.60 2.98 4.96 1.71 1
6.53 2.90 5.71 1.71 1
6.65 2.82 5.39 1.66 1
5.48 3.79 1.41 0.29 2
6.25 4.64 1.54 0.32 2
6.36 2.86 4.88 1.19 3
4.80 2.33 3.14 1.03 3
6.21 3.41 5.18 2.17 1
5.67 2.52 4.05 1.56 3
7.27 3.31 7.01 2.73 1
4.86 3.72 1.52 0.24 2
4.91 3.67 1.79 0.26 2
7.07 3.54 6.16 2.15 1
5.13 2.04 4.26 1.11 3
6.23 2.65 4.68 1.68 3
5.39 3.76 1.71 0.21 2
4.97 3.43 1.86 0.22 2
4.68 3.35 1.43 0.12 2
4.78 3.33 1.40 0.35 2
4.79 3.14 1.68 0.20 2
6.78 2.83 4.94 1.54 1
6.35 2.99 5.08 2.02 1
5.23 3.88 1.59 0.34 2
6.60 2.98 5.11 1.86 1
5.84 2.48 4.50 1.36 3
4.10 3.47 1.55 0.13 2
6.08 2.86 4.70 1.77 3
6.14 3.00 5.33 2.04 1
5.95 2.69 4.76 1.39 3
7.45 3.06 7.25 2.63 1
6.06 3.00 4.74 1.90 3
5.39 3.52 1.39 0.30 2
4.86 3.43 1.38 0.09 2
4.56 3.09 1.45 0.14 2
6.78 3.15 5.49 1.85 1
5.29 2.01 4.20 0.98 3
5.72 4.06 1.62 0.42 2
4.98 3.10 1.44 0.34 2
6.32 2.99 4.35 1.43 3
4.89 3.28 1.64 0.15 2
5.16 3.43 1.54 0.33 2
5.14 3.50 1.48 0.33 2
6.05 3.15 4.98 1.92 1
6.86 2.75 6.04 1.77 1
6.15 3.04 4.29 1.47 3
6.66 3.11 5.32 2.03 1
6.08 2.80 4.24 1.12 3
4.59 2.96 1.44 0.19 2
6.94 2.43 5.43 1.60 1
5.20 3.58 1.50 0.06 2
6.93 2.91 6.10 1.99 1
4.67 2.39 2.68 0.66 2
4.80 3.02 1.51 0.45 2
5.72 2.61 4.12 1.49 3
6.67 3.65 5.33 2.32 1
5.90 2.97 4.20 1.07 3
4.64 3.21 1.26 0.33 2
6.33 3.12 4.82 1.96 1
6.23 3.22 4.73 1.70 3
6.11 3.06 4.55 1.26 3
4.50 2.83 1.51 0.09 2
7.82 3.86 6.86 2.66 1
4.42 2.81 1.62 0.22 2
8.01 3.39 6.94 2.50 1
5.97 2.48 4.71 1.44 3
4.95 3.08 1.68 0.34 2
6.53 2.73 5.99 1.85 1
6.47 2.78 4.96 1.33 3
5.13 3.84 1.48 0.34 2
6.12 4.37 1.78 0.38 2
4.43 3.06 1.29 0.09 2
4.88 3.60 1.19 0.21 2
5.20 3.73 1.27 0.27 2
5.50 3.89 1.47 0.24 2
5.58 2.01 4.71 1.54 3
6.97 3.47 5.30 1.87 1
6.22 3.02 4.50 1.35 3
5.18 3.04 3.54 1.35 3
6.12 3.01 3.59 0.95 3
6.64 3.59 5.61 2.19 1
7.33 3.37 5.53 2.23 1
6.19 3.12 5.60 2.20 1
6.67 2.71 5.69 1.92 1
4.99 3.50 1.56 0.34 2
4.87 3.54 1.49 0.13 2
5.96 2.86 3.22 0.85 3
7.21 2.96 5.77 1.84 1
4.96 3.71 1.30 0.09 2
6.32 2.55 5.46 1.87 1
7.10 3.14 5.46 1.79 1
4.78 2.95 1.52 0.26 2
5.15 3.77 1.67 0.33 2
5.04 2.28 4.08 1.41 3
6.85 2.97 5.59 2.05 1
4.42 3.51 1.82 0.35 2
5.28 3.96 1.54 0.34 2
5.57 2.25 3.31 0.54 3
6.75 3.35 5.28 1.95 1
7.63 2.93 6.09 2.06 1
6.36 3.39 5.90 2.37 1
5.40 3.81 1.39 0.38 2
5.25 2.74 3.40 1.08 3
4.95 3.36 1.13 0.36 2
4.95 2.96 1.50 0.25 2
5.86 2.95 4.49 1.66 3
5.07 3.43 1.45 0.32 2
5.32 3.68 1.63 0.33 2
6.42 3.02 5.24 2.20 1
6.40 2.62 5.15 1.63 1
4.51 3.01 1.07 0.14 2
4.69 3.42 1.69 0.18 2
6.15 2.85 5.29 2.07 1
6.33 3.06 5.09 1.70 1
5.83 2.40 4.23 1.14 3
7.90 3.34 6.23 2.43 1
5.15 3.60 1.52 0.20 2
5.46 2.46 4.08 1.36 3
5.64 3.10 4.21 1.57 3
6.09 1.96 4.53 0.92 3
5.28 2.50 3.18 1.03 3
5.34 3.59 1.54 0.38 2
6.65 2.57 5.55 1.37 1
4.93 3.16 1.68 0.31 2
5.22 3.17 1.53 0.31 2
6.45 3.56 5.66 2.51 1
5.64 2.70 5.22 1.62 3
6.75 3.07 6.34 2.46 1
4.79 3.73 1.49 0.34 2
5.05 2.59 3.42 1.04 3
5.56 2.48 4.25 1.24 3
5.08 2.39 3.49 1.04 3
8.20 3.36 7.40 2.52 1
7.19 3.28 5.53 1.93 1
5.39 4.25 1.46 0.24 2
5.60 2.79 3.00 0.90 3
7.10 3.41 5.43 2.26 1
6.94 2.72 4.57 1.46 3
5.08 2.80 3.67 1.32 3
4.50 3.19 1.47 0.34 2
5.42 4.06 1.58 0.19 2
5.32 2.71 3.78 1.43 3
6.64 3.12 4.63 1.58 3
6.54 2.88 5.24 1.73 1
4.70 3.79 1.34 0.25 2
5.85 2.62 4.90 1.72 3
7.41 3.37 5.15 1.80 1
6.63 3.60 5.85 2.40 1
5.29 3.66 1.69 0.15 2
5.39 2.40 4.47 1.34 3
4.97 3.06 1.32 0.31 2
4.92 3.23 1.36 0.05 2
5.27 2.93 4.31 1.31 3
4.58 3.21 1.33 0.20 2
6.36 3.33 4.90 1.85 1
4.19 2.83 1.44 0.12 2
5.63 2.96 4.59 1.57 3
4.33 2.80 1.47 0.19 2
4.97 3.35 1.47 0.28 2
5.10 3.61 1.06 0.18 2
6.72 3.04 5.57 1.98 1
5.96 2.53 4.27 1.42 3
4.77 3.31 1.52 0.13 2
6.60 3.17 5.80 1.84 1
6.02 2.99 5.22 1.71 1
5.99 2.97 3.95 1.46 3
4.66 3.03 1.22 0.12 2
5.39 3.70 1.64 0.17 2
4.39 3.46 1.43 0.36 2
6.11 2.82 5.43 1.98 1
7.09 3.29 6.04 2.20 1
5.25 2.24 3.86 0.78 3
5.42 3.88 1.84 0.49 2
4.92 3.60 1.81 0.23 2
5.02 2.56 3.36 1.16 3
6.72 3.06 5.39 1.88 1
5.26 3.26 1.45 0.25 2
5.40 2.75 4.04 1.77 3
6.32 2.73 5.50 2.01 1
6.86 2.59 4.68 0.92 3
4.88 3.17 1.28 0.23 2
5.09 3.36 1.55 0.29 2
5.30 3.12 1.54 0.48 2
5.68 3.86 1.87 0.26 2
6.04 3.07 4.53 2.19 3
5.51 2.91 5.00 1.96 3
6.49 2.72 5.16 1.72 1
5.51 4.00 1.41 0.31 2
6.47 2.67 5.16 1.94 1
6.55 3.19 5.77 2.12 1
6.59 3.25 4.96 1.92 1
7.16 2.77 5.99 1.92 1
6.92 3.30 5.73 1.78 1
5.40 2.03 3.95 0.94 3
5.11 3.59 1.63 0.21 2
4.90 3.38 1.44 0.23 2
5.74 2.92 3.78 1.16 3
6.40 2.85 5.09 1.42 1
4.99 3.72 1.62 0.38 2
4.95 3.19 1.58 0.22 2
6.02 3.20 4.40 1.80 3
6.34 3.05 4.78 1.81 3
5.15 3.30 1.35 0.26 2
4.96 3.37 1.60 0.22 2
6.97 2.53 4.48 1.27 3
4.86 3.45 1.21 0.30 2
6.47 2.62 5.21 2.12 1
6.32 3.25 5.13 1.94 1
6.05 2.86 5.14 1.84 1
5.20 2.69 3.37 0.79 3
5.53 2.89 4.49 2.01 3
5.11 2.53 3.45 1.43 3
7.35 2.51 5.94 1.99 1
4.50 3.46 1.32 0.33 2
5.99 2.87 5.17 1.75 1
5.47 2.94 3.50 1.04 3
5.13 3.99 1.74 0.39 2
5.18 3.49 1.39 0.26 2
4.64 3.20 1.21 0.23 2
5.54 2.98 3.62 0.98 3
5.23 3.88 1.22 0.34 2
6.83 3.40 5.83 1.95 1
6.52 2.70 5.09 2.06 1
5.34 2.73 4.26 1.41 3
5.41 2.25 3.64 1.26 3
7.30 2.92 5.53 1.39 1
5.89 3.14 4.71 1.58 3
4.90 3.12 1.60 0.29 2
5.32 3.83 1.51 0.50 2
6.10 3.27 5.09 1.85 1
7.48 3.14 6.02 1.91 1
5.81 3.00 4.86 1.40 3
5.98 3.37 5.96 2.30 1
6.22 2.54 4.65 1.40 3
6.33 3.14 5.21 1.96 1
5.30 3.77 1.57 0.24 2
4.91 3.57 1.33 0.32 2
6.17 3.15 4.77 1.56 3
4.81 2.41 3.32 1.15 3
6.00 2.29 4.90 1.52 3
6.06 2.89 4.87 1.77 3
5.34 2.76 4.17 1.81 3
7.10 3.49 5.89 1.91 1
5.68 3.72 1.53 0.39 2
5.81 2.49 3.71 1.08 3
5.03 3.04 1.52 0.34 2
6.51 2.86 4.52 1.68 3
5.80 2.76 4.96 1.65 3
4.44 3.39 1.45 0.26 2
5.58 3.31 1.40 0.41 2
5.43 2.92 4.59 1.78 3
5.64 2.80 4.47 1.27 3
5.24 3.50 1.66 0.24 2
6.10 2.53 4.91 1.82 3
6.69 3.30 5.83 2.33 1
6.90 3.10 5.32 1.55 1
6.47 3.31 4.74 1.95 1
6.05 4.17 1.43 0.24 2
6.86 2.62 5.85 1.96 1
5.85 2.70 5.04 1.89 3
4.82 2.74 1.35 0.26 2
4.60 3.49 1.27 0.31 2
6.41 3.05 4.49 1.58 3
4.92 2.96 1.41 0.29 2
6.43 2.79 5.79 1.69 1
6.36 3.21 5.86 2.01 1
6.55 2.96 5.17 1.97 1
4.99 3.13 1.51 0.31 2
6.95 2.62 6.03 1.48 1
5.43 3.49 1.44 0.20 2
6.56 2.88 4.91 1.83 1
5.98 3.06 4.47 1.85 3
5.35 3.84 1.44 0.33 2
6.17 2.92 5.39 1.80 1
5.30 2.20 3.64 1.08 3
6.19 2.12 5.70 1.49 1
5.79 3.25 3.95 1.34 3
5.23 2.96 3.51 1.29 3
5.52 3.19 4.63 2.03 3
7.27 2.95 6.17 2.39 1
6.58 3.12 4.94 1.24 1
4.90 3.32 1.25 0.24 2
6.31 2.45 5.23 1.40 1
4.86 2.01 3.33 1.04 3
7.28 2.77 5.57 1.86 1
5.20 3.51 1.36 0.18 2
7.13 2.82 5.52 1.75 1
5.29 4.07 1.72 0.32 2
5.37 3.69 1.44 0.50 2
5.84 3.00 4.47 1.75 3
5.22 2.10 3.93 1.17 3
7.21 3.69 5.27 2.36 1
7.33 3.04 6.46 2.37 1
4.52 2.61 1.32 0.18 2
4.94 3.55 1.40 0.31 2
5.20 3.65 1.70 0.25 2
5.86 3.65 1.75 0.47 2
5.79 2.43 4.86 1.71 3
5.15 3.54 1.37 0.27 2
6.72 2.76 6.00 1.78 1
5.30 3.74 1.22 0.05 2
5.58 2.40 4.48 1.50 3
5.75 2.89 4.61 1.48 3
5.45 2.45 4.31 1.46 3
5.78 3.00 4.57 2.31 3
5.49 2.41 4.11 1.56 3
6.60 2.64 5.07 1.75 1
4.63 3.08 1.36 0.39 2
7.49 2.99 6.33 2.59 1
4.93 2.91 4.13 1.34 3
6.83 3.14 5.79 2.14 1
6.60 2.93 5.04 1.74 1
6.26 3.15 4.92 2.15 1
5.19 3.02 1.28 0.20 2
4.95 3.48 1.64 0.37 2
7.61 3.32 6.12 2.20 1
5.93 2.70 4.73 1.54 3
4.73 2.78 1.50 0.33 2
5.00 3.83 1.58 0.09 2
6.83 3.22 5.66 1.93 1
7.03 3.31 5.86 2.23 1
5.05 3.19 1.55 0.22 2
7.32 3.26 6.03 2.01 1
6.20 2.50 4.61 1.35 3
4.95 3.07 1.41 0.26 2
4.99 3.68 1.30 0.15 2
5.44 4.20 1.45 0.27 2
3.92 2.88 1.37 0.06 2
6.40 3.21 5.64 2.05 1
4.43 2.71 1.54 0.21 2
4.65 3.38 1.36 0.20 2
6.72 2.01 5.45 2.35 1
7.41 2.68 6.40 2.31 1
5.18 3.54 1.92 0.32 2
6.82 3.44 6.12 2.10 1
6.10 2.74 4.91 1.86 3
7.07 2.59 4.99 1.52 1
5.40 2.69 3.99 1.16 3
5.45 2.86 4.46 1.42 3
4.76 2.53 3.45 0.80 3
6.12 2.71 4.56 1.26 3
6.63 3.37 5.55 1.99 1
5.83 2.69 4.59 1.65 3
5.82 3.13 4.78 1.84 3
5.37 4.13 1.51 0.18 2
6.53 3.14 4.78 1.61 1
5.86 3.01 5.02 1.93 3
7.01 2.86 5.42 1.09 1
5.20 3.62 1.49 0.51 2
6.09 2.84 5.29 1.80 1
5.92 2.78 4.48 1.29 3
6.42 2.91 5.85 1.87 1
5.01 3.63 1.54 0.31 2
6.61 2.76 5.12 1.68 1
6.46 2.96 5.49 2.04 1
5.80 2.88 4.63 1.59 3
5.89 3.05 4.33 1.35 3
7.12 3.06 5.82 2.03 1
5.18 3.44 1.41 0.18 2
4.22 3.09 1.05 0.02 2
6.77 3.30 5.87 2.06 1
4.67 3.40 1.46 0.23 2
7.57 3.75 7.06 2.64 1
7.05 2.95 6.15 2.31 1
4.71 3.27 1.63 0.30 2
4.92 3.66 1.28 0.17 2
5.97 4.26 1.62 0.28 2
6.45 3.01 5.78 2.18 1
6.27 2.74 5.22 1.68 1
5.23 3.57 1.69 0.25 2
6.56 3.18 5.36 1.97 1
7.59 3.78 6.36 2.20 1
7.03 3.00 5.77 1.65 1
5.94 2.95 4.27 1.49 3
6.41 3.44 5.34 2.17 1
5.29 2.63 4.27 1.65 3
6.41 3.26 4.05 1.62 3
5.77 2.50 4.22 1.02 3
5.17 2.37 3.05 0.92 3
7.28 2.72 6.41 1.87 1
4.78 3.86 1.60 0.18 2
6.26 2.92 4.98 1.72 1
5.77 2.71 4.39 1.67 3
7.65 3.05 7.03 2.18 1
4.73 2.79 1.37 0.28 2
6.46 2.58 4.91 1.67 1
4.79 2.93 1.45 0.14 2
6.19 3.41 5.36 2.34 1
6.92 3.23 5.32 1.80 1
4.98 3.41 1.48 0.20 2
7.31 3.29 6.34 2.46 1
5.46 3.81 1.17 0.19 2
5.58 2.80 4.14 1.43 3
5.14 2.65 3.58 1.29 3
5.46 2.66 4.21 1.26 3
4.62 3.41 1.37 0.18 2
7.06 2.73 4.95 1.63 1
6.47 2.94 5.68 1.85 1
6.10 3.17 5.12 1.77 1
6.31 3.05 3.86 1.31 3
5.07 3.29 1.35 0.26 2
5.47 2.57 3.89 1.49 3
4.97 3.54 1.17 0.01 2
6.60 3.03 5.72 1.66 1
5.74 2.66 4.53 1.29 3
6.14 2.64 4.28 1.32 3
5.28 3.71 1.06 0.21 2
4.38 3.02 1.55 0.31 2
5.15 3.34 1.68 0.24 2
6.33 3.64 5.08 2.21 1
4.70 3.47 1.60 0.18 2
5.91 2.72 4.73 1.53 3
6.10 3.13 4.24 1.54 3
4.41 2.35 1.45 0.21 2
6.56 2.76 5.11 1.43 1
6.36 3.07 5.35 1.63 1
5.66 2.44 4.44 1.32 3
5.87 2.31 4.69 1.39 3
6.67 3.18 5.62 2.12 1
4.76 2.89 1.13 0.14 2
6.04 3.02 4.30 1.26 3
6.53 3.21 5.47 1.96 1
7.08 3.47 6.08 2.53 1
6.22 2.18 5.38 1.45 1
6.62 2.96 5.95 2.13 1
5.93 2.50 4.18 1.50 3
5.36 1.78 4.05 1.04 3
4.20 2.60 1.57 0.14 2
5.93 2.73 4.39 1.04 3
6.69 3.80 5.31 2.30 1
4.41 2.76 1.01 0.08 2
6.05 2.51 4.72 1.40 3
7.47 3.25 5.41 1.63 1
6.95 3.09 5.35 1.57 1
6.67 3.15 4.72 1.76 1
5.87 2.79 5.34 1.96 1
5.74 2.50 4.62 1.41 3
5.27 2.84 3.99 1.54 3
6.27 3.07 5.93 2.64 1
6.13 2.68 5.11 1.62 3
7.63 3.15 6.30 1.88 1
7.47 3.38 5.76 2.28 1
6.10 2.37 4.69 1.27 3
4.77 2.34 3.16 0.82 3
6.63 2.73 5.62 2.00 1
5.60 2.54 4.52 1.60 3
5.02 3.27 1.59 0.24 2
7.01 3.34 4.88 1.06 1
5.16 3.29 1.22 0.17 2
5.84 2.75 5.08 1.66 3
4.98 3.17 1.51 0.20 2
4.95 3.21 1.56 0.41 2
6.30 3.01 5.29 2.24 1
7.34 3.32 6.62 2.17 1
6.22 3.00 4.54 1.49 3
6.54 3.07 5.27 1.92 1
6.46 3.25 4.67 1.93 1
5.73 2.95 5.05 1.56 3
6.61 3.17 4.96 1.66 1
5.34 2.70 4.04 1.43 3
6.47 2.61 4.50 1.36 3
6.17 2.56 5.17 1.71 1
4.73 3.36 1.10 0.19 2
5.27 4.02 1.27 0.17 2
6.18 2.95 3.98 1.47 3
6.26 2.51 5.02 1.16 3
5.16 2.54 4.42 1.58 3
5.34 3.35 1.49 0.33 2
6.49 2.96 4.59 1.73 3
6.04 2.60 4.10 1.17 3
4.72 2.20 2.49 0.11 2
6.14 2.76 4.70 1.64 3
6.33 2.74 5.27 1.56 1
5.18 3.77 1.66 0.19 2
7.16 3.17 6.47 2.36 1
4.49 2.74 1.50 0.17 2
4.94 3.13 1.62 0.22 2
5.64 3.62 1.58 0.26 2
5.04 3.19 1.50 0.11 2
4.97 3.39 1.66 0.32 2
5.41 4.13 1.56 0.37 2
6.96 2.89 6.12 2.30 1
5.96 2.81 3.82 1.01 3
6.08 2.87 4.96 1.81 3
7.47 2.70 5.87 1.78 1
6.16 3.18 5.47 2.01 1
5.43 3.68 1.46 0.18 2
4.78 2.75 1.31 0.20 2
5.21 3.72 1.56 0.44 2
5.24 3.51 1.45 0.31 2
5.64 2.61 3.94 1.25 3
5.96 2.94 4.21 1.45 3
6.42 2.87 4.87 1.47 3
5.28 2.62 3.28 1.14 3
6.52 3.11 5.04 1.67 1
5.45 2.83 3.62 1.00 3
5.38 2.99 3.85 1.36 3
6.81 3.35 4.80 1.56 1
7.66 3.46 5.98 2.27 1
4.87 3.75 1.50 0.30 2
4.57 3.05 1.42 0.37 2
4.77 3.21 1.29 0.29 2
5.11 4.04 1.33 0.08 2
4.98 2.59 2.94 1.17 3
4.99 3.29 1.22 0.35 2
6.48 2.78 4.78 1.63 3
5.09 3.50 1.57 0.28 2
4.85 2.54 3.13 0.90 3
5.43 3.86 1.35 0.14 2
4.95 3.62 1.36 0.35 2
6.34 3.00 4.35 1.37 3
5.77 2.51 4.47 1.47 3
5.30 4.18 1.71 0.29 2
5.78 2.58 4.34 1.56 3
5.39 3.58 1.55 0.35 2
6.57 2.39 4.68 1.15 3
5.44 3.94 1.70 0.27 2
7.21 3.01 6.20 1.87 1
5.12 2.82 3.95 1.29 3
6.54 2.86 3.79 1.08 3
5.16 3.34 1.61 0.35 2
4.86 3.78 1.36 0.25 2
4.83 3.37 1.54 0.32 2
6.49 2.82 5.28 1.46 1
6.16 3.42 5.47 2.19 1
7.04 3.25 5.27 1.69 1
6.57 3.02 5.73 1.76 1
5.49 2.69 4.31 1.24 3
7.23 2.68 6.10 2.33 1
6.27 2.73 4.99 2.08 1
6.25 2.75 5.09 2.08 1
5.19 3.30 1.43 0.26 2
4.97 3.18 1.52 0.11 2
6.04 2.81 4.74 1.44 3
6.24 2.92 5.29 1.86 1
5.04 3.76 1.46 0.31 2
7.15 3.15 6.19 2.59 1
5.21 2.94 4.39 1.83 3
6.51 2.60 5.62 1.98 1
5.18 2.66 3.66 1.57 3
5.87 2.58 5.11 2.03 3
6.72 3.15 5.65 2.07 1
4.49 2.87 1.31 0.19 2
6.26 2.78 4.73 1.87 3
6.42 2.73 4.43 0.94 3
5.07 3.44 1.03 0.19 2
6.17 2.66 4.60 1.63 3
5.73 2.72 4.01 0.95 3
6.72 2.95 5.31 1.69 1
5.49 3.92 1.57 0.28 2
4.71 3.69 1.32 0.06 2
6.74 2.82 4.92 1.45 1
5.33 4.17 1.32 0.25 2
4.60 3.36 1.40 0.33 2
5.80 2.53 3.98 0.88 3
4.62 3.62 1.52 0.42 2
4.49 2.62 1.19 0.02 2
5.13 2.53 3.52 1.25 3
6.16 2.38 4.81 1.52 3
5.09 3.99 1.12 0.17 2
7.47 3.21 6.42 2.46 1
4.83 3.19 1.56 0.21 2
6.52 2.91 5.97 2.40 1
4.60 3.06 1.52 0.27 2
7.12 3.21 5.78 1.86 1
5.43 2.06 3.70 0.75 3
4.73 2.95 1.82 0.20 2
5.12 3.85 1.43 0.19 2
5.50 2.52 4.53 1.49 3
5.22 2.80 3.68 1.38 3
6.33 2.63 4.50 1.56 3
5.46 3.86 1.50 0.38 2
6.00 2.33 4.36 1.00 3
6.10 2.66 5.17 1.70 1
6.26 3.01 5.52 2.09 1
5.15 3.58 1.45 0.18 2
6.59 2.77 5.72 2.27 1
4.45 2.68 1.31 0.22 2
5.99 3.26 4.51 1.56 3
5.65 2.90 4.10 0.98 3
6.28 3.13 4.51 1.53 3
5.74 2.64 4.98 1.48 3
5.32 3.34 1.44 0.26 2
4.76 2.96 1.41 0.01 2
8.00 3.05 6.89 2.04 1
4.45 3.09 1.90 0.13 2
5.86 4.20 1.19 0.18 2
5.21 2.28 3.72 1.02 3
5.86 2.83 4.97 1.87 3
6.71 3.06 5.65 1.90 1
6.07 2.74 4.23 1.43 3
5.95 2.86 4.04 1.41 3
4.68 2.72 2.78 0.74 2
6.72 2.76 5.42 2.10 1
7.02 3.27 5.81 2.08 1
6.40 3.02 4.42 1.84 3
5.88 3.25 4.66 1.81 3
5.26 4.01 1.54 0.44 2
7.68 3.46 6.22 2.45 1
7.14 3.03 5.34 1.96 1
6.31 2.83 4.83 1.56 3
5.70 2.81 4.26 1.19 3
5.92 2.87 4.94 1.85 3
4.61 3.28 1.59 0.25 2
5.24 3.62 1.56 0.35 2
6.27 2.82 4.71 1.72 3
5.93 2.78 4.15 1.62 3
6.83 3.60 5.76 2.11 1
6.08 2.73 4.38 1.29 3
6.03 3.05 4.68 1.72 3
5.98 2.76 4.66 2.36 3
4.71 2.40 3.90 1.16 3
4.80 3.15 1.18 0.20 2
6.21 2.98 5.46 2.26 1
5.29 2.90 3.81 1.38 3
6.76 2.73 5.64 1.93 1
5.44 2.18 4.18 1.05 3
5.48 2.97 4.29 1.60 3
6.79 3.43 6.16 2.33 1
6.01 2.62 4.99 1.94 3
5.83 2.70 4.78 1.54 3
4.69 3.14 1.25 0.26 2
5.27 3.97 1.61 0.31 2
6.60 2.74 5.36 1.84 1
5.51 4.53 1.41 0.34 2
6.80 3.26 6.28 2.44 1
4.85 3.52 1.44 0.31 2
6.70 3.33 6.42 2.66 1
6.96 3.40 6.17 2.54 1
7.85 3.83 6.43 2.64 1
5.50 2.76 3.89 1.12 3
5.93 3.11 4.94 1.73 3
7.04 3.25 5.99 2.02 1
7.09 3.43 5.71 2.37 1
6.69 2.82 5.58 1.68 1
5.65 4.15 1.59 0.10 2
5.00 2.84 3.57 1.30 3
6.08 3.09 4.47 1.09 3
4.28 2.55 1.41 0.20 2
4.93 3.07 1.57 0.14 2
7.15 3.19 5.51 1.72 1
5.32 2.37 3.78 1.30 3
4.80 3.01 1.36 0.16 2
5.69 2.75 4.57 1.64 3
5.31 2.90 3.50 0.90 3
5.92 2.51 4.09 1.64 3
5.79 2.49 4.44 1.19 3
5.90 3.06 4.10 1.38 3
5.77 3.08 5.05 1.78 3
5.07 3.45 1.59 0.23 2
4.71 3.38 1.51 0.38 2
4.82 3.08 1.38 0.07 2
5.34 2.49 4.73 1.44 3
6.64 3.03 5.87 2.15 1
5.00 3.28 1.52 0.50 2
5.51 3.45 1.72 0.35 2
6.35 2.93 5.64 2.05 1
6.24 2.84 5.17 1.82 1
5.71 3.02 4.57 1.71 3
4.58 3.33 1.54 0.29 2
6.62 2.53 5.67 1.97 1
5.17 3.44 1.38 0.07 2
4.87 3.00 1.52 0.39 2
4.67 3.61 1.37 0.27 2
6.04 2.89 3.96 0.99 3
5.04 3.82 1.51 0.41 2
6.57 2.48 5.62 1.51 1
6.44 3.02 5.02 1.77 1
6.65 2.90 5.39 2.28 1
5.56 2.95 4.81 1.55 3
7.41 3.11 5.36 1.69 1
6.05 3.00 4.40 0.99 3
6.20 3.33 4.31 1.42 3
5.96 2.61 4.61 1.14 3
5.82 2.81 3.93 1.22 3
5.27 3.76 1.43 0.18 2
6.42 2.36 5.90 2.04 1
5.02 3.58 1.32 0.01 2
5.10 3.82 1.28 0.34 2
7.73 2.93 6.00 1.91 1
6.60 3.04 4.87 1.79 1
5.46 2.57 4.22 1.85 3
6.29 3.05 4.71 1.35 3
6.45 2.72 5.59 1.90 1
6.61 3.28 5.12 1.77 1
4.67 3.05 1.53 0.13 2
6.80 3.16 5.24 1.74 1
4.84 3.29 1.59 0.33 2
5.97 2.51 4.98 1.94 3
7.54 3.25 6.17 1.78 1
7.39 3.24 5.57 1.91 1
5.52 2.70 4.33 1.51 3
5.36 2.79 3.92 1.45 3
5.35 4.04 1.45 0.32 2
6.86 3.21 6.70 2.69 1
4.81 3.11 1.70 0.25 2
7.29 2.89 5.37 2.03 1
6.51 2.61 5.42 2.03 1
4.66 3.09 1.35 0.41 2
5.43 2.64 4.19 1.26 3
5.72 3.97 1.71 0.42 2
4.79 3.03 1.38 0.26 2
4.81 3.20 1.60 0.11 2
6.27 3.07 5.28 1.98 1
6.22 3.12 4.62 1.61 3
6.30 3.41 5.40 2.26 1
4.84 3.00 1.29 0.24 2
5.04 3.81 1.52 0.26 2
6.48 2.70 5.06 1.71 1
6.14 2.61 4.35 1.45 3
5.50 2.85 4.37 1.49 3
4.45 2.50 1.42 0.13 2
5.69 2.64 3.81 0.78 3
4.67 3.29 1.11 0.23 2
4.98 3.20 1.40 0.20 2
4.48 3.09 1.51 0.26 2
4.96 3.29 1.34 0.43 2
5.18 2.69 4.08 1.53 3
5.50 3.94 1.43 0.38 2
5.96 2.95 3.76 0.95 3
5.27 3.47 1.23 0.23 2
6.26 2.76 5.57 2.13 1
4.94 3.39 1.66 0.22 2
7.06 3.10 5.56 1.90 1
6.16 2.37 4.87 1.57 3
6.03 2.63 4.39 1.44 3
4.85 2.27 3.34 1.03 3
6.07 3.08 5.06 1.48 3
6.50 2.89 4.46 1.34 3
6.60 3.45 4.65 1.65 1
6.99 2.92 6.25 2.23 1
7.32 2.93 6.26 2.30 1
5.65 2.98 3.85 1.05 3
6.48 3.07 5.33 1.83 1
4.68 3.45 1.17 0.11 2
5.75 3.05 4.70 1.86 3
5.92 2.71 4.94 1.74 3
6.03 2.92 4.73 1.82 3
6.83 3.90 5.52 2.33 1
5.65 3.85 1.67 0.22 2
5.73 2.54 4.17 1.29 3
5.80 3.04 4.83 1.70 3
4.86 2.21 3.55 1.22 3
5.41 2.53 3.64 1.42 3
5.53 2.62 4.06 1.55 3
6.77 2.83 5.54 1.83 1
6.08 2.62 5.58 1.81 1
6.33 2.82 5.16 1.78 1
4.86 3.45 1.34 0.13 2
6.47 3.00 5.11 1.94 1
5.84 3.94 1.68 0.24 2
5.96 2.65 4.78 1.87 3
6.79 2.98 4.67 1.23 3
6.27 3.15 4.19 1.31 3
6.54 2.97 5.51 2.04 1
6.17 2.36 4.75 1.28 3
5.36 2.72 3.48 1.20 3
5.22 3.87 1.49 0.39 2
6.32 3.05 5.13 1.99 1
6.34 3.07 4.95 1.81 1
5.45 3.96 1.42 0.20 2
5.90 2.59 4.39 1.71 3
7.27 2.73 6.37 2.26 1
7.29 3.54 6.65 2.51 1
5.79 2.82 3.52 1.39 3
6.77 3.38 6.40 2.98 1
7.14 2.82 6.03 2.36 1
4.85 2.98 1.50 0.18 2
6.70 2.82 5.52 1.81 1
4.91 3.56 1.25 0.20 2
6.89 3.07 5.61 1.62 1
6.17 2.59 5.40 1.90 1
5.16 3.37 1.41 0.16 2
6.90 3.06 5.17 1.79 1
5.99 3.03 4.28 1.34 3
5.89 3.20 4.91 2.43 1
5.22 3.81 1.68 0.17 2
6.43 2.83 5.99 2.26 1
5.37 2.45 3.84 1.05 3
4.84 3.75 1.39 0.07 2
6.91 3.43 5.38 2.08 1
5.83 2.47 4.98 1.33 3
7.18 2.29 5.61 2.08 1
5.22 3.70 1.56 0.13 2
4.79 3.12 1.44 0.23 2
4.86 2.69 3.41 0.74 3
7.29 3.38 5.75 2.45 1
6.15 2.67 4.49 1.63 3
6.16 3.29 4.52 1.79 3
6.32 2.54 4.96 1.57 3
6.22 2.62 4.47 1.21 3
5.12 4.20 1.47 0.17 2
4.95 2.90 1.38 0.22 2
6.10 2.38 5.21 1.41 3
6.37 2.91 5.22 1.81 1
7.15 3.19 6.47 2.32 1
5.88 2.78 4.73 1.62 3
6.20 2.54 4.32 1.02 3
4.58 3.16 1.42 0.32 2
5.04 2.28 3.90 0.81 3
4.54 3.02 1.55 0.30 2
6.49 2.93 5.20 1.56 1
5.37 3.28 1.30 0.28 2
6.92 2.62 5.95 1.49 1
6.52 2.61 4.89 1.81 1
6.78 2.99 5.80 2.05 1
5.82 2.27 4.97 1.75 3
6.83 3.24 5.83 2.10 1
6.38 2.83 4.51 1.25 3
5.94 2.48 4.53 1.30 3
5.41 2.62 3.86 1.14 3
6.68 3.15 5.72 2.32 1
4.93 3.92 1.36 0.18 2
5.56 2.92 4.38 1.40 3
7.17 2.91 5.68 1.92 1
7.58 2.88 5.78 1.93 1
5.17 2.36 3.48 1.13 3
5.00 3.14 1.47 0.35 2
4.61 3.13 1.67 0.14 2
6.71 2.88 5.57 2.05 1
4.94 3.25 1.63 0.12 2
5.56 2.61 4.19 1.32 3
4.96 2.73 3.33 0.82 3
5.83 3.07 4.96 1.99 3
6.84 3.36 6.21 2.44 1
5.50 4.02 1.36 0.24 2
5.66 2.95 3.77 1.40 3
6.32 2.62 5.37 1.64 1
6.34 2.62 4.99 2.00 1
5.48 2.43 3.44 0.97 3
5.62 2.91 4.24 1.57 3
6.78 3.31 5.20 1.75 1
4.25 2.60 1.58 0.13 2
6.17 3.10 4.90 1.76 3
5.21 4.10 1.37 0.42 2
5.67 4.43 1.65 0.37 2
5.91 2.72 4.96 1.55 3
4.88 2.88 1.47 0.15 2
5.28 3.87 1.31 0.20 2
7.52 3.22 6.18 2.27 1
6.30 3.07 5.46 1.92 1
6.04 2.72 4.58 1.66 3
4.87 3.57 1.32 0.14 2
6.58 2.92 4.81 1.51 1
5.00 3.31 1.53 0.12 2
5.67 4.22 1.39 0.50 2
5.06 3.83 1.60 0.33 2
4.55 2.91 1.35 0.29 2
7.37 3.24 5.91 2.16 1
5.02 3.61 1.39 0.14 2
8.27 3.38 6.79 2.48 1
6.36 2.43 5.80 2.15 1
6.48 2.71 4.53 1.10 3
7.14 2.53 6.14 2.08 1
4.93 3.58 1.37 0.13 2
6.42 2.76 4.65 1.63 3
6.57 2.76 5.21 1.18 1
5.88 2.49 4.60 1.65 3
5.11 3.29 1.28 0.13 2
5.80 2.98 4.51 1.62 3
5.64 3.84 1.54 0.23 2
7.25 2.96 5.96 1.82 1
5.03 3.91 1.78 0.45 2
6.51 3.03 5.21 1.99 1
5.79 2.53 4.14 1.63 3
5.54 4.16 1.56 0.14 2
5.57 3.75 1.88 0.46 2
7.58 2.87 6.78 2.62 1
6.60 2.76 5.41 2.42 1
6.32 3.04 4.70 1.47 3
7.80 3.71 6.29 2.50 1
5.24 2.92 4.22 1.89 3
4.28 3.15 1.24 0.23 2
5.68 2.71 3.92 1.29 3
6.53 3.05 5.73 2.40 1
6.15 2.57 4.66 1.55 3
6.94 2.77 5.93 2.01 1
6.63 2.94 5.94 2.12 1
5.51 2.78 3.74 1.62 3
5.97 3.14 4.56 1.87 3
4.99 3.50 1.47 0.34 2
6.95 2.96 6.01 2.52 1
7.09 3.18 6.05 2.17 1
6.53 3.25 5.19 1.95 1
5.54 2.60 3.80 1.27 3
6.70 3.27 5.22 2.02 1
7.01 2.73 6.04 2.10 1
5.80 2.63 4.73 1.56 3
4.91 3.51 1.00 0.06 2
6.16 3.05 4.98 1.61 3
4.69 2.59 2.91 1.16 3
5.50 2.00 4.21 1.42 3
5.61 3.11 4.06 1.42 3
5.02 3.38 1.46 0.23 2
5.82 2.99 5.23 1.89 1
4.98 3.39 1.59 0.38 2
6.17 2.41 4.88 1.73 3
6.60 2.74 6.35 2.63 1
6.49 2.67 5.17 2.21 1
6.02 2.62 4.91 1.34 3
6.40 3.06 4.98 2.08 1
5.84 2.32 4.66 1.08 3
5.61 2.75 4.60 1.79 3
5.74 2.57 4.99 1.74 3
6.40 3.00 5.77 1.83 1
4.69 3.03 1.24 0.18 2
6.49 2.84 4.46 1.43 3
5.26 2.72 4.50 1.99 3
5.57 3.80 1.39 0.35 2
5.16 3.77 1.58 0.40 2
7.07 3.13 5.88 2.23 1
5.07 3.46 1.86 0.53 2
4.61 2.90 1.49 0.26 2
7.28 3.51 5.98 1.95 1
5.02 2.86 1.38 0.17 2
6.36 2.71 4.92 1.81 1
6.32 2.80 4.41 1.70 3
4.78 3.18 1.69 0.46 2
6.94 2.71 5.28 1.73 1
5.02 3.48 1.71 0.17 2
6.85 3.32 6.21 2.46 1
5.53 3.96 1.47 0.24 2
4.85 3.33 1.83 0.14 2
4.94 3.07 1.67 0.39 2
4.45 2.61 1.52 0.31 2
5.61 2.74 3.72 1.16 3
4.94 3.48 1.55 0.29 2
7.34 2.92 5.60 1.67 1
5.39 3.53 1.65 0.36 2
4.63 3.33 1.37 0.30 2
6.02 2.89 4.50 1.55 3
5.48 2.32 3.63 0.90 3
4.94 3.35 1.81 0.33 2
5.35 2.53 4.67 1.66 3
5.34 3.48 1.49 0.13 2
5.81 2.67 4.70 1.36 3
4.44 3.11 1.62 0.23 2
6.22 2.67 4.91 1.41 3
6.20 3.21 5.35 1.93 1
4.91 3.04 1.69 0.30 2
5.70 2.61 3.42 0.84 3
6.16 2.66 5.41 2.01 1
6.38 3.19 4.52 1.32 3
5.97 3.25 3.66 1.47 3
6.56 2.85 6.31 2.21 1
5.18 3.39 1.40 0.36 2
6.58 2.95 4.37 1.29 3
5.90 2.84 4.84 1.71 3
5.91 2.97 4.85 1.69 3
6.43 3.32 5.04 1.92 1
5.40 3.83 1.48 0.25 2
4.69 3.16 1.50 0.28 2
5.18 3.82 1.52 0.23 2
5.10 3.46 1.36 0.34 2
6.61 2.77 5.90 2.06 1
7.57 3.79 5.93 2.23 1
6.86 3.19 5.74 1.82 1
5.91 2.98 4.77 1.73 3
4.73 2.59 1.15 0.18 2
6.82 2.75 5.72 1.81 1
6.08 2.73 4.61 1.80 3
5.04 3.62 1.47 0.16 2
5.32 2.74 4.24 1.49 3
5.40 3.03 4.42 2.03 3
5.62 2.40 3.98 1.32 3
6.42 3.23 5.47 2.06 1
4.74 3.25 1.31 0.10 2
5.57 3.64 1.53 0.21 2
7.14 2.64 5.57 1.78 1
6.61 3.02 5.19 1.90 1
6.71 2.48 4.59 1.47 3
5.87 3.07 5.00 1.68 3
4.82 2.86 1.32 0.20 2
5.86 3.03 4.02 1.62 3
6.33 2.93 5.19 1.97 1
4.82 3.51 1.46 0.23 2
6.48 2.78 4.37 1.37 3
4.43 2.98 1.39 0.15 2
6.15 2.73 5.08 1.75 1
5.82 3.97 1.36 0.30 2
5.31 3.48 1.44 0.11 2
6.78 3.28 6.07 2.03 1
7.24 3.16 5.46 1.92 1
6.07 2.39 4.22 1.06 3
6.72 3.17 5.90 2.17 1
4.63 3.06 2.82 0.69 2
6.92 3.05 6.18 1.87 1
6.31 2.82 4.83 1.40 3
6.24 2.98 4.55 1.43 3
6.04 2.83 4.59 1.12 3
5.46 2.61 3.28 0.85 3
4.59 3.01 1.55 0.18 2
6.17 3.09 4.93 1.75 3
5.67 2.86 4.17 1.41 3
4.63 3.06 1.35 0.22 2
5.14 3.45 1.63 0.29 2
6.56 2.91 4.99 1.49 1
6.07 2.76 5.28 2.06 1
5.64 3.00 3.61 1.14 3
7.08 3.54 5.58 2.14 1
6.05 2.81 4.12 1.82 3
5.35 2.97 4.48 1.78 3
5.33 2.65 3.45 1.17 3
5.63 2.80 3.19 0.90 3
7.53 3.73 6.30 2.38 1
5.65 2.88 4.19 1.23 3
6.96 3.17 5.78 1.91 1
5.34 2.78 4.57 2.03 3
5.67 2.48 4.04 1.19 3
5.59 2.32 4.38 1.29 3
6.52 3.50 4.85 1.96 1
5.88 2.37 5.10 1.58 3
6.03 2.87 4.18 1.56 3
5.78 2.48 4.25 1.44 3
5.05 3.40 1.51 0.26 2
6.06 2.87 5.15 1.80 1
6.52 2.97 5.57 2.32 1
4.92 3.53 1.69 0.31 2
5.06 3.05 1.26 0.36 2
5.39 2.45 2.76 0.81 3
5.11 3.30 1.17 0.17 2
5.21 3.11 1.60 0.16 2
6.94 3.59 6.34 2.27 1
7.04 3.64 6.18 2.77 1
6.43 2.33 4.66 1.03 3
6.84 3.11 5.06 1.90 1
7.31 2.81 5.06 1.44 1
5.55 2.63 4.16 1.67 3
5.15 3.36 1.46 0.36 2
7.11 3.26 6.25 2.54 1
6.02 3.21 5.11 1.61 1
5.10 3.75 1.40 0.25 2
5.01 3.54 1.54 0.13 2
6.76 2.65 5.45 1.60 1
7.51 3.15 5.83 2.01 1
6.39 2.41 5.48 1.64 1
6.88 2.88 6.46 2.60 1
5.27 3.86 1.82 0.35 2
6.29 2.81 5.24 1.72 1
6.38 3.11 5.12 2.00 1
6.46 3.14 4.10 1.10 3
6.85 3.16 6.15 2.17 1
5.49 2.55 4.26 1.17 3
5.04 3.69 1.48 0.24 2
5.27 2.46 4.14 1.17 3
5.51 2.81 4.24 1.20 3
6.18 3.17 5.03 1.48 3
5.37 3.72 1.67 0.19 2
5.88 2.71 4.07 1.45 3
5.26 2.73 4.21 1.40 3
5.70 3.86 1.56 0.27 2
6.78 3.18 5.54 1.87 1
4.88 3.06 1.47 0.11 2
4.58 3.05 1.47 0.41 2
5.65 2.72 3.86 1.25 3
5.57 2.60 4.37 1.60 3
5.08 3.35 1.56 0.15 2
4.90 3.35 1.32 0.19 2
6.94 2.93 5.72 1.91 1
6.14 3.08 3.88 1.05 3
5.48 3.60 1.51 0.34 2
6.36 3.23 4.95 2.06 1
4.80 3.51 1.74 0.33 2
6.95 2.34 5.94 1.87 1
5.80 2.87 4.70 1.61 3
5.39 3.77 1.44 0.24 2
6.47 3.29 4.79 1.62 1
6.26 2.85 5.66 2.16 1
7.06 3.11 5.80 1.98 1
5.64 2.65 4.07 1.00 3
4.69 3.42 1.46 0.23 2
6.28 3.04 4.90 1.69 3
7.87 3.01 6.20 2.02 1
4.92 3.36 1.39 0.23 2
4.96 3.38 1.51 0.24 2
5.34 3.60 1.41 0.46 2
4.19 3.11 1.15 0.28 2
6.47 3.15 5.45 2.18 1
5.30 3.86 1.43 0.27 2
5.00 3.15 1.32 0.22 2
4.73 3.08 1.52 0.38 2
5.03 3.55 1.45 0.28 2
6.88 3.37 5.04 1.70 1
5.06 3.15 1.44 0.20 2
6.40 3.22 5.07 1.46 1
6.40 2.34 4.80 1.57 3
6.39 2.89 5.12 1.81 1
6.70 3.09 4.07 1.01 3
4.21 2.72 1.12 0.16 2
5.93 2.54 4.09 1.03 3
6.71 2.87 5.09 2.04 1
6.62 3.16 4.94 1.54 1
4.93 3.93 1.80 0.39 2
4.92 3.56 1.32 0.02 2
6.08 3.06 4.81 1.48 3
6.71 2.73 5.47 1.44 1
5.45 3.27 1.31 0.27 2
5.80 2.78 4.25 1.73 3
4.89 3.52 1.09 0.21 2
6.66 2.32 5.51 1.38 1
5.11 4.19 1.34 0.16 2
5.35 2.63 4.73 1.83 3
5.05 2.09 3.56 0.86 3
5.61 2.61 4.09 1.45 3
6.77 2.68 4.93 1.91 1
5.66 2.89 3.24 0.94 3
5.16 3.50 1.72 0.38 2
5.07 3.78 1.56 0.32 2
6.61 3.21 4.87 1.60 1
6.38 3.16 5.06 1.96 1
5.72 2.54 4.41 1.73 3
4.63 2.98 1.58 0.12 2
6.40 2.54 5.60 1.99 1
5.98 2.53 4.49 1.20 3
5.36 3.63 1.86 0.42 2
6.52 2.73 5.56 2.09 1
5.55 2.85 3.95 1.44 3
4.99 3.36 1.85 0.31 2
5.13 3.58 1.26 0.24 2
6.20 3.54 5.55 2.06 1
7.52 2.59 5.90 1.66 1
6.35 3.25 4.90 1.88 1
6.26 2.32 3.91 0.78 3
6.20 2.63 5.72 1.94 1
5.42 2.50 4.45 1.48 3
6.74 3.02 5.84 2.21 1
4.87 3.33 1.39 0.21 2
4.80 3.35 1.69 0.25 2
6.33 2.94 4.68 1.22 3
5.38 3.70 1.58 0.24 2
5.70 2.52 4.76 1.57 3
6.25 2.63 4.09 0.91 3
6.04 3.12 4.49 1.78 3
6.63 3.17 4.72 1.26 3
5.24 2.41 3.12 0.95 3
6.14 3.39 4.83 1.98 1
6.18 2.92 4.97 1.69 3
6.33 2.72 4.92 1.50 3
6.21 2.52 4.81 1.41 3
5.72 2.22 3.63 1.09 3
5.93 4.08 1.59 0.41 2
5.02 2.70 4.31 1.35 3
5.17 3.86 1.21 0.14 2
6.55 2.92 4.33 1.47 3
4.90 2.89 1.27 0.11 2
5.48 3.97 1.43 0.32 2
4.44 3.22 1.49 0.10 2
6.86 3.78 5.51 2.06 1
6.17 3.06 5.12 1.88 1
6.87 3.03 5.23 1.74 1
7.50 3.02 6.18 1.73 1
4.66 2.98 1.33 0.15 2
7.63 3.21 6.69 2.41 1
5.05 2.63 4.27 1.79 3
5.73 2.84 3.80 1.30 3
5.37 3.77 1.48 0.19 2
